{"producer":{"name":"Blender","version":"2.79 (sub 0)","exporter_version":"5.6.4","file":"fantasma.babylon"},
"autoClear":true,"clearColor":[0.0509,0.0509,0.0509],"ambientColor":[0,0,0],"gravity":[0,-9.81,0],
"materials":[{"name":"fantasma.Jill_HiMidRes_Eyes_MAT","id":"fantasma.Jill_HiMidRes_Eyes_MAT","ambient":[1,1,1],"diffuse":[0.8,0.8,0.8],"specular":[0,0,0],"emissive":[0,0,0],"specularPower":103,"alpha":1,"backFaceCulling":true,"checkReadyOnlyOnce":false,"maxSimultaneousLights":4, 
"diffuseTexture":{"name":"Jill_HiMidRes_diffuse.png","level":1,"hasAlpha":1,"coordinatesMode":0,"uOffset":0,"vOffset":0,"uScale":1,"vScale":1,"uAng":0,"vAng":0,"wAng":0,"wrapU":1,"wrapV":1,"coordinatesIndex":0}, 
"bumpTexture":{"name":"Jill_HiMidRes_normal.png","level":0.35,"hasAlpha":1,"coordinatesMode":0,"uOffset":0,"vOffset":0,"uScale":1,"vScale":1,"uAng":0,"vAng":0,"wAng":0,"wrapU":1,"wrapV":1,"coordinatesIndex":0}},
{"name":"fantasma.Jill_HiMidRes_EyeSpec_MAT","id":"fantasma.Jill_HiMidRes_EyeSpec_MAT","ambient":[1,1,1],"diffuse":[0.8,0.8,0.8],"specular":[0.3878,0.3878,0.3878],"emissive":[0,0,0],"specularPower":240,"alpha":1,"backFaceCulling":true,"checkReadyOnlyOnce":false,"maxSimultaneousLights":4, 
"diffuseTexture":{"name":"Jill_HiMidRes_diffuse.png","level":1,"hasAlpha":1,"coordinatesMode":0,"uOffset":0,"vOffset":0,"uScale":1,"vScale":1,"uAng":0,"vAng":0,"wAng":0,"wrapU":1,"wrapV":1,"coordinatesIndex":0}},
{"name":"fantasma.Jill_HiMidRes_Teeth_MAT","id":"fantasma.Jill_HiMidRes_Teeth_MAT","ambient":[1,1,1],"diffuse":[0.8,0.8,0.8],"specular":[0.25,0.25,0.25],"emissive":[0,0,0],"specularPower":115,"alpha":1,"backFaceCulling":true,"checkReadyOnlyOnce":false,"maxSimultaneousLights":4, 
"diffuseTexture":{"name":"Jill_HiMidRes_diffuse.png","level":1,"hasAlpha":1,"coordinatesMode":0,"uOffset":0,"vOffset":0,"uScale":1,"vScale":1,"uAng":0,"vAng":0,"wAng":0,"wrapU":1,"wrapV":1,"coordinatesIndex":0}, 
"bumpTexture":{"name":"Jill_HiMidRes_normal.png","level":0.35,"hasAlpha":1,"coordinatesMode":0,"uOffset":0,"vOffset":0,"uScale":1,"vScale":1,"uAng":0,"vAng":0,"wAng":0,"wrapU":1,"wrapV":1,"coordinatesIndex":0}, 
"specularTexture":{"name":"Jill_HiMidRes_specular.png","level":1,"hasAlpha":1,"coordinatesMode":0,"uOffset":0,"vOffset":0,"uScale":1,"vScale":1,"uAng":0,"vAng":0,"wAng":0,"wrapU":1,"wrapV":1,"coordinatesIndex":0}},
{"name":"fantasma.Jill_HiMidRes_Body_MAT","id":"fantasma.Jill_HiMidRes_Body_MAT","ambient":[1,1,1],"diffuse":[0.8,0.8,0.8],"specular":[0.25,0.25,0.25],"emissive":[0,0,0],"specularPower":64,"alpha":1,"backFaceCulling":true,"checkReadyOnlyOnce":false,"maxSimultaneousLights":4, 
"diffuseTexture":{"name":"Jill_HiMidRes_diffuse.png","level":1,"hasAlpha":1,"coordinatesMode":0,"uOffset":0,"vOffset":0,"uScale":1,"vScale":1,"uAng":0,"vAng":0,"wAng":0,"wrapU":1,"wrapV":1,"coordinatesIndex":0}, 
"bumpTexture":{"name":"Jill_HiMidRes_normal.png","level":0.35,"hasAlpha":1,"coordinatesMode":0,"uOffset":0,"vOffset":0,"uScale":1,"vScale":1,"uAng":0,"vAng":0,"wAng":0,"wrapU":1,"wrapV":1,"coordinatesIndex":0}, 
"specularTexture":{"name":"Jill_HiMidRes_specular.png","level":1,"hasAlpha":1,"coordinatesMode":0,"uOffset":0,"vOffset":0,"uScale":1,"vScale":1,"uAng":0,"vAng":0,"wAng":0,"wrapU":1,"wrapV":1,"coordinatesIndex":0}},
{"name":"fantasma.Jill_HiMidRes_Hair_MAT","id":"fantasma.Jill_HiMidRes_Hair_MAT","ambient":[1,1,1],"diffuse":[0.8,0.8,0.8],"specular":[0.25,0.25,0.25],"emissive":[0,0,0],"specularPower":34,"alpha":1,"backFaceCulling":true,"checkReadyOnlyOnce":false,"maxSimultaneousLights":4, 
"diffuseTexture":{"name":"Jill_HiMidRes_diffuse.png","level":1,"hasAlpha":1,"coordinatesMode":0,"uOffset":0,"vOffset":0,"uScale":1,"vScale":1,"uAng":0,"vAng":0,"wAng":0,"wrapU":1,"wrapV":1,"coordinatesIndex":0}, 
"bumpTexture":{"name":"Jill_HiMidRes_normal.png","level":0.35,"hasAlpha":1,"coordinatesMode":0,"uOffset":0,"vOffset":0,"uScale":1,"vScale":1,"uAng":0,"vAng":0,"wAng":0,"wrapU":1,"wrapV":1,"coordinatesIndex":0}, 
"specularTexture":{"name":"Jill_HiMidRes_specular.png","level":1,"hasAlpha":1,"coordinatesMode":0,"uOffset":0,"vOffset":0,"uScale":1,"vScale":1,"uAng":0,"vAng":0,"wAng":0,"wrapU":1,"wrapV":1,"coordinatesIndex":0}},
{"name":"fantasma.Jill_HiMidRes_Gown_MAT","id":"fantasma.Jill_HiMidRes_Gown_MAT","ambient":[1,1,1],"diffuse":[0.8,0.8,0.8],"specular":[0.25,0.25,0.25],"emissive":[0,0,0],"specularPower":92,"alpha":1,"backFaceCulling":true,"checkReadyOnlyOnce":false,"maxSimultaneousLights":4, 
"diffuseTexture":{"name":"Jill_HiMidRes_diffuse.png","level":1,"hasAlpha":1,"coordinatesMode":0,"uOffset":0,"vOffset":0,"uScale":1,"vScale":1,"uAng":0,"vAng":0,"wAng":0,"wrapU":1,"wrapV":1,"coordinatesIndex":0}, 
"bumpTexture":{"name":"Jill_HiMidRes_normal.png","level":0.35,"hasAlpha":1,"coordinatesMode":0,"uOffset":0,"vOffset":0,"uScale":1,"vScale":1,"uAng":0,"vAng":0,"wAng":0,"wrapU":1,"wrapV":1,"coordinatesIndex":0}, 
"specularTexture":{"name":"Jill_HiMidRes_specular.png","level":1,"hasAlpha":1,"coordinatesMode":0,"uOffset":0,"vOffset":0,"uScale":1,"vScale":1,"uAng":0,"vAng":0,"wAng":0,"wrapU":1,"wrapV":1,"coordinatesIndex":0}}],
"multiMaterials":[],
"skeletons":[{"name":"armadura_fantasma","id":0,"dimensionsAtRest":[177.8936,189.9296,24.7779],"bones":[
{"name":"Hips","index":0,"matrix":[0.9456,-0.0664,-0.3186,0,0.0003,0.9791,-0.2034,0,-0.3254,-0.1923,-0.9258,0,-0.1611,92.4987,-0.8912,1],"rest":[1,0,0,0,0,1,0,0,0,0,-1,0,0,101.0309,3.3129,1],"parentBoneIndex":-1,"length":9.8554
,"animation":{"dataType":3,"framePerSecond":30,"keys":[
{"frame":1,"values":[0.9456,-0.0664,-0.3186,0,0.0003,0.9791,-0.2034,0,-0.3254,-0.1923,-0.9258,0,-0.1611,92.4987,-0.8912,1]},
{"frame":2,"values":[0.9466,-0.065,-0.3157,0,-0.0002,0.9793,-0.2022,0,-0.3223,-0.1915,-0.9271,0,-0.1036,92.5055,-0.876,1]},
{"frame":3,"values":[0.9478,-0.0619,-0.3129,0,-0.0022,0.9797,-0.2005,0,-0.3189,-0.1907,-0.9284,0,0.0077,92.5188,-0.8623,1]},
{"frame":4,"values":[0.9481,-0.0574,-0.3127,0,-0.0066,0.9798,-0.1999,0,-0.3178,-0.1916,-0.9286,0,0.1605,92.5045,-0.8319,1]},
{"frame":5,"values":[0.9471,-0.0529,-0.3164,0,-0.0119,0.9799,-0.1994,0,-0.3206,-0.1926,-0.9274,0,0.2877,92.4099,-0.8002,1]},
{"frame":6,"values":[0.946,-0.0503,-0.3203,0,-0.0138,0.9807,-0.1948,0,-0.3239,-0.1887,-0.9271,0,0.3535,92.2544,-0.8438,1]},
{"frame":7,"values":[0.9478,-0.0509,-0.3148,0,-0.0068,0.9837,-0.1796,0,-0.3189,-0.1724,-0.932,0,0.3821,92.1427,-1.0988,1]},
{"frame":8,"values":[0.956,-0.0547,-0.2883,0,0.0114,0.9886,-0.1499,0,-0.2933,-0.1401,-0.9457,0,0.4853,92.1999,-1.6656,1]},
{"frame":9,"values":[0.9687,-0.0574,-0.2413,0,0.0321,0.9937,-0.1073,0,-0.246,-0.0962,-0.9645,0,0.6354,92.3579,-2.4698,1]},
{"frame":10,"values":[0.9821,-0.0537,-0.1804,0,0.0438,0.9973,-0.0584,0,-0.1831,-0.0495,-0.9819,0,0.7408,92.5503,-3.43,1]},
{"frame":11,"values":[0.9929,-0.0435,-0.1108,0,0.0423,0.999,-0.0133,0,-0.1113,-0.0085,-0.9938,0,0.7537,92.7471,-4.4909,1]},
{"frame":12,"values":[0.9988,-0.0336,-0.0358,0,0.0343,0.9993,0.0179,0,-0.0352,0.0191,-0.9992,0,0.6962,92.952,-5.603,1]},
{"frame":13,"values":[0.9988,-0.0301,0.0386,0,0.0287,0.999,0.0353,0,0.0397,0.0342,-0.9986,0,0.5633,93.128,-6.6369,1]},
{"frame":14,"values":[0.9949,-0.0256,0.0973,0,0.0212,0.9987,0.0457,0,0.0984,0.0434,-0.9942,0,0.2681,93.2769,-7.4777,1]},
{"frame":15,"values":[0.9919,-0.0117,0.1268,0,0.0057,0.9988,0.0479,0,0.1272,0.0467,-0.9908,0,-0.2432,93.346,-8.0455,1]},
{"frame":16,"values":[0.9924,0.0126,0.122,0,-0.0176,0.9991,0.0394,0,0.1214,0.0413,-0.9917,0,-0.9779,93.2297,-8.2819,1]},
{"frame":17,"values":[0.9953,0.0377,0.0886,0,-0.0397,0.999,0.0212,0,0.0878,0.0246,-0.9958,0,-1.8911,92.7812,-8.1372,1]},
{"frame":18,"values":[0.998,0.0495,0.0398,0,-0.0495,0.9988,0.0013,0,0.0397,0.0032,-0.9992,0,-2.8554,91.9665,-7.6144,1]},
{"frame":19,"values":[0.9987,0.0475,-0.016,0,-0.0478,0.9987,-0.016,0,-0.0152,-0.0167,-0.9997,0,-3.7106,90.8647,-6.7453,1]},
{"frame":20,"values":[0.9964,0.0383,-0.0751,0,-0.0408,0.9987,-0.0314,0,-0.0738,-0.0344,-0.9967,0,-4.4006,89.6293,-5.5829,1]},
{"frame":21,"values":[0.9904,0.0243,-0.1357,0,-0.031,0.9984,-0.0479,0,-0.1343,-0.0517,-0.9896,0,-4.9555,88.4325,-4.2175,1]},
{"frame":22,"values":[0.9812,-0.0023,-0.1931,0,-0.0113,0.9975,-0.0693,0,-0.1928,-0.0701,-0.9787,0,-5.4586,87.4369,-2.812,1]},
{"frame":23,"values":[0.9716,-0.0564,-0.2297,0,0.034,0.9944,-0.1001,0,-0.234,-0.0894,-0.9681,0,-5.8523,86.6582,-1.6162,1]},
{"frame":24,"values":[0.9676,-0.1302,-0.2161,0,0.1016,0.9851,-0.1386,0,-0.231,-0.1122,-0.9665,0,-5.9364,85.8536,-0.7514,1]},
{"frame":25,"values":[0.9711,-0.1869,-0.1486,0,0.1614,0.9725,-0.168,0,-0.1759,-0.1391,-0.9745,0,-5.6602,84.7246,-0.1526,1]},
{"frame":26,"values":[0.9803,-0.1903,-0.0537,0,0.1784,0.9685,-0.1738,0,-0.0851,-0.1608,-0.9833,0,-5.116,83.16,0.2975,1]},
{"frame":27,"values":[0.9911,-0.1313,0.0204,0,0.1329,0.9784,-0.1582,0,-0.0008,-0.1595,-0.9872,0,-4.5196,81.312,0.6427,1]},
{"frame":28,"values":[0.9978,-0.0406,0.0516,0,0.0481,0.9872,-0.1523,0,0.0447,-0.1545,-0.987,0,-3.8844,79.4358,0.7692,1]},
{"frame":29,"values":[0.9979,0.0508,0.04,0,-0.0424,0.9812,-0.1884,0,0.0488,-0.1863,-0.9813,0,-3.2491,77.7383,0.5294,1]},
{"frame":30,"values":[0.9935,0.1137,0,0,-0.1097,0.959,-0.2614,0,0.0297,-0.2597,-0.9652,0,-2.6841,76.3143,0.0643,1]},
{"frame":31,"values":[0.9906,0.1306,-0.0397,0,-0.1363,0.9303,-0.3406,0,0.0075,-0.3428,-0.9394,0,-2.2365,75.1257,-0.3214,1]},
{"frame":32,"values":[0.9931,0.1071,-0.0477,0,-0.1172,0.9141,-0.3883,0,-0.002,-0.3912,-0.9203,0,-1.8248,73.9732,-0.3162,1]},
{"frame":33,"values":[0.9965,0.0791,-0.0253,0,-0.0825,0.911,-0.4041,0,0.0089,-0.4048,-0.9144,0,-1.5835,72.9199,-0.0314,1]},
{"frame":34,"values":[0.9975,0.0706,0.0053,0,-0.0622,0.9095,-0.4109,0,0.0338,-0.4096,-0.9116,0,-1.6714,72.0549,0.3269,1]},
{"frame":35,"values":[0.9964,0.0801,0.0266,0,-0.0614,0.9044,-0.4223,0,0.0579,-0.4192,-0.9061,0,-2.0045,71.3407,0.6452,1]},
{"frame":36,"values":[0.9953,0.0911,0.0336,0,-0.0674,0.8979,-0.435,0,0.0698,-0.4307,-0.8998,0,-2.3453,70.6914,0.901,1]},
{"frame":37,"values":[0.995,0.0943,0.0335,0,-0.0702,0.896,-0.4385,0,0.0714,-0.4339,-0.8981,0,-2.516,70.155,1.0708,1]},
{"frame":38,"values":[0.9953,0.0913,0.033,0,-0.0677,0.8964,-0.4381,0,0.0696,-0.4338,-0.8983,0,-2.6391,69.7854,1.1349,1]},
{"frame":39,"values":[0.9962,0.0789,0.0368,0,-0.0549,0.8976,-0.4373,0,0.0675,-0.4337,-0.8985,0,-2.7844,69.5724,1.1378,1]},
{"frame":40,"values":[0.997,0.0617,0.0463,0,-0.0354,0.8993,-0.4359,0,0.0685,-0.433,-0.8988,0,-2.9097,69.4922,1.1303,1]},
{"frame":41,"values":[0.997,0.0523,0.0563,0,-0.0228,0.9011,-0.433,0,0.0734,-0.4304,-0.8996,0,-2.9177,69.5099,1.1461,1]},
{"frame":42,"values":[0.9967,0.0615,0.0533,0,-0.0324,0.9009,-0.4328,0,0.0747,-0.4296,-0.8999,0,-2.8011,69.5465,1.1924,1]},
{"frame":43,"values":[0.9966,0.076,0.0328,0,-0.0542,0.8987,-0.4351,0,0.0626,-0.4318,-0.8998,0,-2.6514,69.5709,1.2795,1]},
{"frame":44,"values":[0.9969,0.0778,0.0088,0,-0.0661,0.8962,-0.4388,0,0.042,-0.4368,-0.8986,0,-2.5197,69.5625,1.3956,1]},
{"frame":45,"values":[0.9983,0.0581,-0.0011,0,-0.0526,0.8951,-0.4427,0,0.0248,-0.442,-0.8967,0,-2.4294,69.4866,1.5153,1]},
{"frame":46,"values":[0.9997,0.0231,0.0113,0,-0.0157,0.8959,-0.444,0,0.0203,-0.4437,-0.8959,0,-2.3855,69.3032,1.6285,1]},
{"frame":47,"values":[0.9994,-0.0117,0.0341,0,0.0254,0.8989,-0.4374,0,0.0255,-0.438,-0.8986,0,-2.3994,69.0522,1.7716,1]},
{"frame":48,"values":[0.9983,-0.0319,0.0493,0,0.05,0.9023,-0.4283,0,0.0308,-0.43,-0.9023,0,-2.4245,68.7912,1.9634,1]},
{"frame":49,"values":[0.9982,-0.0339,0.0489,0,0.0515,0.9037,-0.4251,0,0.0298,-0.4268,-0.9038,0,-2.3891,68.5127,2.2002,1]},
{"frame":50,"values":[0.999,-0.0251,0.0359,0,0.0381,0.9019,-0.4302,0,0.0215,-0.4312,-0.902,0,-2.2677,68.2082,2.4873,1]},
{"frame":51,"values":[0.9996,-0.0199,0.0214,0,0.0272,0.8983,-0.4385,0,0.0105,-0.4389,-0.8985,0,-2.1173,67.9192,2.836,1]},
{"frame":52,"values":[0.9995,-0.0262,0.0159,0,0.0305,0.8961,-0.4429,0,0.0026,-0.4431,-0.8964,0,-2.0578,67.7707,3.2178,1]},
{"frame":53,"values":[0.999,-0.0417,0.018,0,0.0453,0.8958,-0.4422,0,-0.0023,-0.4426,-0.8967,0,-2.1262,67.7787,3.5776,1]},
{"frame":54,"values":[0.9979,-0.0603,0.0221,0,0.0639,0.8959,-0.4396,0,-0.0067,-0.4401,-0.8979,0,-2.2388,67.8903,3.8954,1]},
{"frame":55,"values":[0.997,-0.074,0.0237,0,0.0769,0.8968,-0.4357,0,-0.011,-0.4363,-0.8998,0,-2.2671,68.1184,4.1582,1]},
{"frame":56,"values":[0.9969,-0.0755,0.0217,0,0.0776,0.9018,-0.4252,0,-0.0125,-0.4256,-0.9048,0,-2.1041,68.5977,4.3439,1]},
{"frame":57,"values":[0.9979,-0.062,0.0182,0,0.0641,0.9135,-0.4018,0,-0.0083,-0.4021,-0.9156,0,-1.6975,69.413,4.4131,1]},
{"frame":58,"values":[0.9992,-0.0377,0.0143,0,0.0404,0.9312,-0.3623,0,-0.0003,-0.3626,-0.9319,0,-0.9639,70.5347,4.3572,1]},
{"frame":59,"values":[0.9999,-0.0122,0.0023,0,0.0123,0.9509,-0.3094,0,-0.0016,-0.3094,-0.9509,0,-0.0142,71.991,4.206,1]},
{"frame":60,"values":[0.9996,0.0055,-0.0295,0,-0.0128,0.9674,-0.2529,0,-0.0271,-0.2532,-0.967,0,0.8691,73.8042,4.0231,1]},
{"frame":61,"values":[0.9964,0.011,-0.0838,0,-0.0283,0.9776,-0.2084,0,-0.0796,-0.21,-0.9745,0,1.3288,75.9284,3.8862,1]},
{"frame":62,"values":[0.9912,0.0074,-0.1319,0,-0.0315,0.9829,-0.1814,0,-0.1283,-0.184,-0.9745,0,1.4185,78.2632,3.8196,1]},
{"frame":63,"values":[0.9885,-0.0001,-0.1514,0,-0.0259,0.9852,-0.1696,0,-0.1492,-0.1716,-0.9738,0,1.4061,80.7123,3.836,1]},
{"frame":64,"values":[0.9888,-0.0076,-0.1493,0,-0.0177,0.9858,-0.1669,0,-0.1484,-0.1676,-0.9746,0,1.3926,83.138,3.9371,1]},
{"frame":65,"values":[0.9887,-0.0128,-0.1491,0,-0.0123,0.9861,-0.1659,0,-0.1491,-0.1659,-0.9748,0,1.3586,85.3977,4.0886,1]},
{"frame":66,"values":[0.9855,-0.0161,-0.1688,0,-0.0116,0.9868,-0.1615,0,-0.1691,-0.1611,-0.9723,0,1.2355,87.4065,4.1918,1]},
{"frame":67,"values":[0.9792,-0.0185,-0.202,0,-0.0135,0.9877,-0.1558,0,-0.2024,-0.1553,-0.9669,0,1.0523,89.137,4.1847,1]},
{"frame":68,"values":[0.972,-0.0224,-0.2339,0,-0.0144,0.9879,-0.1544,0,-0.2345,-0.1535,-0.9599,0,0.8717,90.5461,4.0682,1]},
{"frame":69,"values":[0.9672,-0.0285,-0.2523,0,-0.0124,0.9872,-0.159,0,-0.2536,-0.1569,-0.9545,0,0.7398,91.6497,3.8481,1]},
{"frame":70,"values":[0.9672,-0.0356,-0.2515,0,-0.0069,0.986,-0.1663,0,-0.2539,-0.1626,-0.9535,0,0.6777,92.5162,3.5421,1]},
{"frame":71,"values":[0.9708,-0.0413,-0.2362,0,0.0005,0.9853,-0.1705,0,-0.2398,-0.1655,-0.9566,0,0.6666,93.2454,3.1921,1]},
{"frame":72,"values":[0.9748,-0.0465,-0.2183,0,0.0085,0.9851,-0.172,0,-0.223,-0.1658,-0.9606,0,0.6686,93.8581,2.8521,1]},
{"frame":73,"values":[0.9773,-0.0524,-0.2053,0,0.0163,0.9847,-0.1736,0,-0.2112,-0.1663,-0.9632,0,0.6598,94.3413,2.5187,1]},
{"frame":74,"values":[0.9779,-0.0588,-0.2006,0,0.023,0.9841,-0.1763,0,-0.2077,-0.1678,-0.9637,0,0.6257,94.6712,2.1694,1]},
{"frame":75,"values":[0.9767,-0.0641,-0.2046,0,0.0272,0.9836,-0.1781,0,-0.2127,-0.1684,-0.9625,0,0.5591,94.8284,1.7854,1]},
{"frame":76,"values":[0.9742,-0.066,-0.216,0,0.0274,0.9839,-0.1768,0,-0.2241,-0.1663,-0.9603,0,0.4589,94.8232,1.3871,1]},
{"frame":77,"values":[0.9706,-0.0642,-0.2321,0,0.024,0.9847,-0.1723,0,-0.2396,-0.1617,-0.9573,0,0.3361,94.6907,1.0018,1]},
{"frame":78,"values":[0.9661,-0.0611,-0.2506,0,0.019,0.9857,-0.1672,0,-0.2573,-0.1567,-0.9535,0,0.2046,94.3509,0.6298,1]},
{"frame":79,"values":[0.9613,-0.059,-0.2692,0,0.0144,0.9862,-0.1647,0,-0.2752,-0.1545,-0.9489,0,0.0797,93.8146,0.2729,1]},
{"frame":80,"values":[0.9565,-0.0594,-0.2855,0,0.011,0.9857,-0.168,0,-0.2914,-0.1576,-0.9435,0,-0.0203,93.2135,-0.0607,1]},
{"frame":81,"values":[0.9528,-0.0615,-0.2974,0,0.0085,0.9843,-0.1761,0,-0.3036,-0.1653,-0.9384,0,-0.0725,92.7863,-0.3533,1]},
{"frame":82,"values":[0.9499,-0.0634,-0.306,0,0.0058,0.9826,-0.1855,0,-0.3124,-0.1744,-0.9338,0,-0.0976,92.5868,-0.5951,1]},
{"frame":83,"values":[0.9473,-0.0652,-0.3135,0,0.0028,0.9807,-0.1956,0,-0.3202,-0.1845,-0.9292,0,-0.1327,92.5174,-0.7812,1]},
{"frame":84,"values":[0.9453,-0.0667,-0.3194,0,0.0002,0.979,-0.2038,0,-0.3263,-0.1926,-0.9254,0,-0.1615,92.4964,-0.8912,1]},
{"frame":85,"values":[0.9456,-0.0664,-0.3186,0,0.0003,0.9791,-0.2034,0,-0.3254,-0.1923,-0.9258,0,-0.1604,92.4988,-0.8915,1]}],"loopBehavior":1,"name":"anim","property":"_matrix"}},
{"name":"Spine","index":1,"matrix":[0.9992,0.0382,0.0094,0,-0.0386,0.9984,0.0422,0,-0.0078,-0.0425,0.9991,0,0,9.5263,1.6438,1],"rest":[1,0,0,0,0,1,0,0,0,0,1,0,0,9.5263,1.6438,1],"parentBoneIndex":0,"length":11.1958
,"animation":{"dataType":3,"framePerSecond":30,"keys":[
{"frame":1,"values":[0.9992,0.0382,0.0094,0,-0.0386,0.9984,0.0422,0,-0.0078,-0.0425,0.9991,0,0,9.5263,1.6438,1]},
{"frame":2,"values":[0.9992,0.0401,0.0086,0,-0.0405,0.998,0.0488,0,-0.0066,-0.0491,0.9988,0,0,9.5263,1.6438,1]},
{"frame":3,"values":[0.999,0.0437,0.0094,0,-0.0442,0.9974,0.057,0,-0.0069,-0.0574,0.9983,0,0,9.5263,1.6438,1]},
{"frame":4,"values":[0.9987,0.0484,0.0135,0,-0.0492,0.9966,0.0653,0,-0.0103,-0.0659,0.9978,0,0,9.5263,1.6438,1]},
{"frame":5,"values":[0.9985,0.0509,0.0208,0,-0.0523,0.9962,0.0702,0,-0.0171,-0.0711,0.9973,0,0,9.5263,1.6438,1]},
{"frame":6,"values":[0.9984,0.0475,0.0295,0,-0.0495,0.9963,0.0697,0,-0.0261,-0.0711,0.9971,0,0,9.5263,1.6438,1]},
{"frame":7,"values":[0.9984,0.0422,0.0389,0,-0.0446,0.997,0.0629,0,-0.0361,-0.0646,0.9973,0,0,9.5263,1.6438,1]},
{"frame":8,"values":[0.998,0.0442,0.0455,0,-0.0463,0.9978,0.0477,0,-0.0433,-0.0497,0.9978,0,0,9.5263,1.6438,1]},
{"frame":9,"values":[0.9978,0.0519,0.0406,0,-0.0529,0.9983,0.0231,0,-0.0393,-0.0252,0.9989,0,0,9.5263,1.6438,1]},
{"frame":10,"values":[0.9988,0.0473,0.0158,0,-0.0472,0.9989,-0.008,0,-0.0161,0.0072,0.9998,0,0,9.5263,1.6438,1]},
{"frame":11,"values":[0.9994,0.0225,-0.0268,0,-0.0237,0.9987,-0.0443,0,0.0258,0.0449,0.9987,0,0,9.5263,1.6438,1]},
{"frame":12,"values":[0.9975,-0.005,-0.0709,0,-0.0012,0.9962,-0.087,0,0.071,0.0869,0.9937,0,0,9.5263,1.6438,1]},
{"frame":13,"values":[0.9948,-0.0185,-0.1005,0,0.0057,0.9919,-0.127,0,0.102,0.1257,0.9868,0,0,9.5263,1.6438,1]},
{"frame":14,"values":[0.993,-0.0194,-0.1169,0,0.0014,0.9885,-0.1515,0,0.1185,0.1503,0.9815,0,0,9.5263,1.6438,1]},
{"frame":15,"values":[0.9909,-0.016,-0.1337,0,-0.0055,0.9873,-0.1587,0,0.1345,0.158,0.9782,0,0,9.5263,1.6438,1]},
{"frame":16,"values":[0.9883,-0.01,-0.1521,0,-0.0134,0.9882,-0.1525,0,0.1518,0.1528,0.9765,0,0,9.5263,1.6438,1]},
{"frame":17,"values":[0.9874,0.0055,-0.158,0,-0.0265,0.9909,-0.1317,0,0.1558,0.1342,0.9786,0,0,9.5263,1.6438,1]},
{"frame":18,"values":[0.9888,0.0339,-0.1456,0,-0.0475,0.9947,-0.0913,0,0.1417,0.0972,0.9851,0,0,9.5263,1.6438,1]},
{"frame":19,"values":[0.9901,0.0635,-0.1253,0,-0.0682,0.9971,-0.0332,0,0.1228,0.0414,0.9916,0,0,9.5263,1.6438,1]},
{"frame":20,"values":[0.9916,0.0758,-0.1047,0,-0.0728,0.9968,0.0321,0,0.1068,-0.0242,0.994,0,0,9.5263,1.6438,1]},
{"frame":21,"values":[0.995,0.0615,-0.0789,0,-0.0536,0.9938,0.0979,0,0.0845,-0.0932,0.9921,0,0,9.5263,1.6438,1]},
{"frame":22,"values":[0.9987,0.0258,-0.0448,0,-0.0182,0.9867,0.1614,0,0.0483,-0.1604,0.9859,0,0,9.5263,1.6438,1]},
{"frame":23,"values":[0.9999,-0.0087,-0.0085,0,0.0103,0.9772,0.212,0,0.0064,-0.2121,0.9772,0,0,9.5263,1.6438,1]},
{"frame":24,"values":[0.9997,-0.0156,0.019,0,0.0105,0.9706,0.2405,0,-0.0221,-0.2402,0.9705,0,0,9.5263,1.6438,1]},
{"frame":25,"values":[0.9997,-0.002,0.0228,0,-0.004,0.9657,0.2596,0,-0.0226,-0.2596,0.9655,0,0,9.5263,1.6438,1]},
{"frame":26,"values":[1,-0.0073,-0.0014,0,0.0074,0.9557,0.2942,0,-0.0008,-0.2942,0.9557,0,0,9.5263,1.6438,1]},
{"frame":27,"values":[0.9985,-0.0449,-0.0303,0,0.0528,0.9314,0.3602,0,0.0121,-0.3613,0.9324,0,0,9.5263,1.6438,1]},
{"frame":28,"values":[0.9958,-0.0849,-0.033,0,0.0907,0.8921,0.4427,0,-0.0082,-0.4438,0.8961,0,0,9.5263,1.6438,1]},
{"frame":29,"values":[0.9937,-0.1111,-0.0138,0,0.1036,0.8646,0.4916,0,-0.0427,-0.49,0.8707,0,0,9.5263,1.6438,1]},
{"frame":30,"values":[0.9902,-0.1392,-0.0066,0,0.1242,0.8602,0.4946,0,-0.0632,-0.4906,0.8691,0,0,9.5263,1.6438,1]},
{"frame":31,"values":[0.9865,-0.1635,-0.0107,0,0.1477,0.8591,0.4901,0,-0.071,-0.4851,0.8716,0,0,9.5263,1.6438,1]},
{"frame":32,"values":[0.9883,-0.1521,-0.0143,0,0.1384,0.8518,0.5052,0,-0.0647,-0.5013,0.8629,0,0,9.5263,1.6438,1]},
{"frame":33,"values":[0.9941,-0.108,-0.0131,0,0.0977,0.834,0.5431,0,-0.0477,-0.5411,0.8396,0,0,9.5263,1.6438,1]},
{"frame":34,"values":[0.9967,-0.0805,-0.0027,0,0.0669,0.8083,0.585,0,-0.0449,-0.5833,0.811,0,0,9.5263,1.6438,1]},
{"frame":35,"values":[0.9961,-0.0868,0.0136,0,0.0604,0.7883,0.6123,0,-0.0639,-0.6092,0.7905,0,0,9.5263,1.6438,1]},
{"frame":36,"values":[0.9952,-0.0924,0.0324,0,0.0515,0.7757,0.629,0,-0.0833,-0.6243,0.7767,0,0,9.5263,1.6438,1]},
{"frame":37,"values":[0.9954,-0.0828,0.0488,0,0.0318,0.7626,0.646,0,-0.0907,-0.6415,0.7617,0,0,9.5263,1.6438,1]},
{"frame":38,"values":[0.9954,-0.076,0.0577,0,0.0189,0.7503,0.6609,0,-0.0935,-0.6568,0.7483,0,0,9.5263,1.6438,1]},
{"frame":39,"values":[0.9952,-0.0779,0.0596,0,0.018,0.7425,0.6696,0,-0.0965,-0.6652,0.7404,0,0,9.5263,1.6438,1]},
{"frame":40,"values":[0.9949,-0.0776,0.064,0,0.0138,0.7362,0.6767,0,-0.0996,-0.6724,0.7335,0,0,9.5263,1.6438,1]},
{"frame":41,"values":[0.994,-0.0753,0.0789,0,0.0011,0.7302,0.6832,0,-0.109,-0.679,0.726,0,0,9.5263,1.6438,1]},
{"frame":42,"values":[0.9919,-0.0822,0.0972,0,-0.0066,0.7292,0.6843,0,-0.1271,-0.6794,0.7227,0,0,9.5263,1.6438,1]},
{"frame":43,"values":[0.9893,-0.0997,0.1064,0,0.0001,0.7301,0.6833,0,-0.1458,-0.676,0.7223,0,0,9.5263,1.6438,1]},
{"frame":44,"values":[0.9876,-0.116,0.1059,0,0.0121,0.7287,0.6847,0,-0.1566,-0.6749,0.7211,0,0,9.5263,1.6438,1]},
{"frame":45,"values":[0.9877,-0.1158,0.1053,0,0.0122,0.7277,0.6858,0,-0.156,-0.6761,0.7201,0,0,9.5263,1.6438,1]},
{"frame":46,"values":[0.9891,-0.0974,0.1102,0,-0.005,0.7266,0.687,0,-0.147,-0.6801,0.7182,0,0,9.5263,1.6438,1]},
{"frame":47,"values":[0.9902,-0.0754,0.1176,0,-0.0277,0.7188,0.6946,0,-0.1369,-0.6911,0.7097,0,0,9.5263,1.6438,1]},
{"frame":48,"values":[0.9903,-0.0641,0.1234,0,-0.0421,0.7076,0.7054,0,-0.1326,-0.7037,0.698,0,0,9.5263,1.6438,1]},
{"frame":49,"values":[0.9896,-0.0652,0.128,0,-0.0455,0.7029,0.7098,0,-0.1363,-0.7083,0.6927,0,0,9.5263,1.6438,1]},
{"frame":50,"values":[0.9886,-0.0735,0.1312,0,-0.0416,0.7051,0.7078,0,-0.1445,-0.7052,0.6941,0,0,9.5263,1.6438,1]},
{"frame":51,"values":[0.988,-0.0823,0.1308,0,-0.0346,0.7071,0.7063,0,-0.1506,-0.7023,0.6958,0,0,9.5263,1.6438,1]},
{"frame":52,"values":[0.9883,-0.0866,0.1259,0,-0.029,0.7024,0.7112,0,-0.15,-0.7065,0.6916,0,0,9.5263,1.6438,1]},
{"frame":53,"values":[0.9894,-0.0869,0.1166,0,-0.0248,0.6891,0.7242,0,-0.1433,-0.7194,0.6796,0,0,9.5263,1.6438,1]},
{"frame":54,"values":[0.9906,-0.0854,0.1067,0,-0.0205,0.6792,0.7337,0,-0.1351,-0.729,0.6711,0,0,9.5263,1.6438,1]},
{"frame":55,"values":[0.9914,-0.0808,0.103,0,-0.0206,0.6811,0.7319,0,-0.1293,-0.7278,0.6735,0,0,9.5263,1.6438,1]},
{"frame":56,"values":[0.9918,-0.0765,0.1023,0,-0.0226,0.6832,0.7299,0,-0.1258,-0.7262,0.6759,0,0,9.5263,1.6438,1]},
{"frame":57,"values":[0.9933,-0.0658,0.0951,0,-0.024,0.687,0.7263,0,-0.1132,-0.7237,0.6808,0,0,9.5263,1.6438,1]},
{"frame":58,"values":[0.9962,-0.0395,0.0773,0,-0.0274,0.7022,0.7115,0,-0.0824,-0.7109,0.6985,0,0,9.5263,1.6438,1]},
{"frame":59,"values":[0.9989,0.0001,0.0465,0,-0.0323,0.722,0.6911,0,-0.0335,-0.6919,0.7212,0,0,9.5263,1.6438,1]},
{"frame":60,"values":[0.9997,0.0213,0.0073,0,-0.0208,0.749,0.6622,0,0.0086,-0.6622,0.7493,0,0,9.5263,1.6438,1]},
{"frame":61,"values":[0.9998,0.0094,-0.0201,0,0.0052,0.7808,0.6247,0,0.0215,-0.6247,0.7806,0,0,9.5263,1.6438,1]},
{"frame":62,"values":[0.9998,-0.0159,-0.0155,0,0.022,0.8095,0.5868,0,0.0032,-0.587,0.8096,0,0,9.5263,1.6438,1]},
{"frame":63,"values":[0.9997,-0.0233,0.0121,0,0.013,0.8392,0.5437,0,-0.0228,-0.5433,0.8392,0,0,9.5263,1.6438,1]},
{"frame":64,"values":[0.9993,-0.0147,0.0335,0,-0.0037,0.8706,0.4919,0,-0.0364,-0.4917,0.87,0,0,9.5263,1.6438,1]},
{"frame":65,"values":[0.9993,-0.0061,0.0363,0,-0.0104,0.8986,0.4387,0,-0.0353,-0.4387,0.8979,0,0,9.5263,1.6438,1]},
{"frame":66,"values":[0.9996,-0.0073,0.0282,0,-0.0043,0.9207,0.3902,0,-0.0288,-0.3902,0.9203,0,0,9.5263,1.6438,1]},
{"frame":67,"values":[0.9997,-0.0156,0.0206,0,0.0076,0.9386,0.345,0,-0.0247,-0.3448,0.9384,0,0,9.5263,1.6438,1]},
{"frame":68,"values":[0.9996,-0.0212,0.0189,0,0.0146,0.954,0.2996,0,-0.0244,-0.2992,0.9539,0,0,9.5263,1.6438,1]},
{"frame":69,"values":[0.9995,-0.0177,0.0258,0,0.0106,0.9676,0.2524,0,-0.0295,-0.252,0.9673,0,0,9.5263,1.6438,1]},
{"frame":70,"values":[0.9991,-0.0062,0.0409,0,-0.0024,0.9782,0.2078,0,-0.0413,-0.2077,0.9773,0,0,9.5263,1.6438,1]},
{"frame":71,"values":[0.9983,0.0073,0.0581,0,-0.0173,0.9847,0.1733,0,-0.0559,-0.174,0.9831,0,0,9.5263,1.6438,1]},
{"frame":72,"values":[0.9973,0.0191,0.0703,0,-0.0295,0.9882,0.1506,0,-0.0666,-0.1522,0.9861,0,0,9.5263,1.6438,1]},
{"frame":73,"values":[0.9967,0.0293,0.0758,0,-0.0393,0.9902,0.1342,0,-0.0712,-0.1367,0.988,0,0,9.5263,1.6438,1]},
{"frame":74,"values":[0.9963,0.0383,0.0765,0,-0.0474,0.9916,0.1202,0,-0.0713,-0.1234,0.9898,0,0,9.5263,1.6438,1]},
{"frame":75,"values":[0.9963,0.044,0.074,0,-0.0519,0.9927,0.1093,0,-0.0686,-0.1127,0.9913,0,0,9.5263,1.6438,1]},
{"frame":76,"values":[0.9966,0.0442,0.069,0,-0.0511,0.9934,0.1027,0,-0.064,-0.1059,0.9923,0,0,9.5263,1.6438,1]},
{"frame":77,"values":[0.9973,0.0395,0.0618,0,-0.0456,0.994,0.0997,0,-0.0575,-0.1022,0.9931,0,0,9.5263,1.6438,1]},
{"frame":78,"values":[0.998,0.033,0.0535,0,-0.0382,0.9944,0.099,0,-0.0499,-0.1009,0.9936,0,0,9.5263,1.6438,1]},
{"frame":79,"values":[0.9985,0.0299,0.0456,0,-0.0342,0.9946,0.0975,0,-0.0425,-0.0989,0.9942,0,0,9.5263,1.6438,1]},
{"frame":80,"values":[0.9988,0.0314,0.0386,0,-0.0348,0.9952,0.091,0,-0.0356,-0.0923,0.9951,0,0,9.5263,1.6438,1]},
{"frame":81,"values":[0.9988,0.0363,0.0322,0,-0.0388,0.996,0.081,0,-0.0291,-0.0822,0.9962,0,0,9.5263,1.6438,1]},
{"frame":82,"values":[0.9989,0.0403,0.0258,0,-0.0421,0.9966,0.0709,0,-0.0229,-0.0719,0.9971,0,0,9.5263,1.6438,1]},
{"frame":83,"values":[0.999,0.0407,0.0186,0,-0.0418,0.9973,0.0604,0,-0.0161,-0.0611,0.998,0,0,9.5263,1.6438,1]},
{"frame":84,"values":[0.9992,0.0392,0.0122,0,-0.0397,0.998,0.0493,0,-0.0102,-0.0497,0.9987,0,0,9.5263,1.6438,1]},
{"frame":85,"values":[0.9992,0.0382,0.0094,0,-0.0386,0.9984,0.0422,0,-0.0078,-0.0425,0.9991,0,0,9.5263,1.6438,1]}],"loopBehavior":1,"name":"anim","property":"_matrix"}},
{"name":"Spine1","index":2,"matrix":[0.9995,0.0228,0.0235,0,-0.0256,0.9913,0.1292,0,-0.0204,-0.1298,0.9913,0,0,11.1946,0.1606,1],"rest":[1,0,0,0,0,1,0,0,0,0,1,0,0,11.1946,0.1606,1],"parentBoneIndex":1,"length":10.3806
,"animation":{"dataType":3,"framePerSecond":30,"keys":[
{"frame":1,"values":[0.9995,0.0228,0.0235,0,-0.0256,0.9913,0.1292,0,-0.0204,-0.1298,0.9913,0,0,11.1946,0.1606,1]},
{"frame":2,"values":[0.9995,0.0216,0.0232,0,-0.0244,0.9916,0.1274,0,-0.0202,-0.1279,0.9916,0,0,11.1946,0.1606,1]},
{"frame":3,"values":[0.9995,0.0196,0.0232,0,-0.0223,0.9919,0.1252,0,-0.0206,-0.1257,0.9919,0,0,11.1946,0.1606,1]},
{"frame":4,"values":[0.9996,0.0165,0.0241,0,-0.0193,0.9922,0.1232,0,-0.0219,-0.1236,0.9921,0,0,11.1946,0.1606,1]},
{"frame":5,"values":[0.9996,0.0133,0.0259,0,-0.0164,0.9925,0.1212,0,-0.0241,-0.1216,0.9923,0,0,11.1946,0.1606,1]},
{"frame":6,"values":[0.9995,0.012,0.0284,0,-0.0153,0.9927,0.1198,0,-0.0268,-0.1202,0.9924,0,0,11.1946,0.1606,1]},
{"frame":7,"values":[0.9994,0.0127,0.0315,0,-0.0163,0.9927,0.1196,0,-0.0298,-0.1201,0.9923,0,0,11.1946,0.1606,1]},
{"frame":8,"values":[0.9993,0.0143,0.034,0,-0.0183,0.9926,0.1201,0,-0.032,-0.1207,0.9922,0,0,11.1946,0.1606,1]},
{"frame":9,"values":[0.9993,0.017,0.0331,0,-0.0208,0.9928,0.1182,0,-0.0309,-0.1188,0.9924,0,0,11.1946,0.1606,1]},
{"frame":10,"values":[0.9994,0.0218,0.0261,0,-0.0246,0.9934,0.1122,0,-0.0235,-0.1128,0.9933,0,0,11.1946,0.1606,1]},
{"frame":11,"values":[0.9995,0.0279,0.013,0,-0.0292,0.9939,0.1059,0,-0.0099,-0.1063,0.9943,0,0,11.1946,0.1606,1]},
{"frame":12,"values":[0.9995,0.0319,-0.0013,0,-0.0316,0.9942,0.1031,0,0.0046,-0.1031,0.9947,0,0,11.1946,0.1606,1]},
{"frame":13,"values":[0.9994,0.0317,-0.0113,0,-0.0303,0.9943,0.1025,0,0.0144,-0.1021,0.9947,0,0,11.1946,0.1606,1]},
{"frame":14,"values":[0.9995,0.0281,-0.0167,0,-0.0263,0.9946,0.1004,0,0.0194,-0.0999,0.9948,0,0,11.1946,0.1606,1]},
{"frame":15,"values":[0.9995,0.023,-0.0219,0,-0.0209,0.9953,0.0947,0,0.0239,-0.0942,0.9953,0,0,11.1946,0.1606,1]},
{"frame":16,"values":[0.9995,0.0167,-0.0273,0,-0.0143,0.9962,0.0859,0,0.0286,-0.0855,0.9959,0,0,11.1946,0.1606,1]},
{"frame":17,"values":[0.9996,0.009,-0.0283,0,-0.0069,0.9971,0.0754,0,0.0289,-0.0752,0.9968,0,0,11.1946,0.1606,1]},
{"frame":18,"values":[0.9997,0.0012,-0.0233,0,0.0003,0.9979,0.0645,0,0.0233,-0.0645,0.9976,0,0,11.1946,0.1606,1]},
{"frame":19,"values":[0.9999,-0.0043,-0.0164,0,0.0052,0.9985,0.0548,0,0.0161,-0.0548,0.9984,0,0,11.1946,0.1606,1]},
{"frame":20,"values":[0.9999,-0.0052,-0.0107,0,0.0057,0.9989,0.0473,0,0.0104,-0.0473,0.9988,0,0,11.1946,0.1606,1]},
{"frame":21,"values":[1,-0.0005,-0.0039,0,0.0006,0.9992,0.0412,0,0.0039,-0.0412,0.9991,0,0,11.1946,0.1606,1]},
{"frame":22,"values":[0.9999,0.0105,0.0061,0,-0.0107,0.9992,0.0375,0,-0.0057,-0.0375,0.9993,0,0,11.1946,0.1606,1]},
{"frame":23,"values":[0.9995,0.0271,0.0186,0,-0.0278,0.9988,0.0407,0,-0.0175,-0.0412,0.999,0,0,11.1946,0.1606,1]},
{"frame":24,"values":[0.9984,0.0473,0.0297,0,-0.0487,0.9976,0.0482,0,-0.0273,-0.0496,0.9984,0,0,11.1946,0.1606,1]},
{"frame":25,"values":[0.9972,0.0671,0.0332,0,-0.0687,0.9965,0.0485,0,-0.0298,-0.0506,0.9983,0,0,11.1946,0.1606,1]},
{"frame":26,"values":[0.9966,0.077,0.0278,0,-0.0781,0.9962,0.0396,0,-0.0246,-0.0416,0.9988,0,0,11.1946,0.1606,1]},
{"frame":27,"values":[0.9974,0.0691,0.0207,0,-0.0697,0.9971,0.0293,0,-0.0186,-0.0307,0.9994,0,0,11.1946,0.1606,1]},
{"frame":28,"values":[0.9988,0.0453,0.0189,0,-0.0456,0.9988,0.0178,0,-0.0181,-0.0187,0.9997,0,0,11.1946,0.1606,1]},
{"frame":29,"values":[0.9997,0.0168,0.0194,0,-0.0169,0.9998,0.0048,0,-0.0193,-0.0052,0.9998,0,0,11.1946,0.1606,1]},
{"frame":30,"values":[0.9999,-0.0051,0.0163,0,0.0052,1,-0.0046,0,-0.0162,0.0047,0.9999,0,0,11.1946,0.1606,1]},
{"frame":31,"values":[0.9998,-0.0182,0.0119,0,0.0183,0.9998,-0.0091,0,-0.0118,0.0093,0.9999,0,0,11.1946,0.1606,1]},
{"frame":32,"values":[0.9998,-0.0184,0.01,0,0.0185,0.9998,-0.0097,0,-0.0098,0.0099,0.9999,0,0,11.1946,0.1606,1]},
{"frame":33,"values":[0.9999,-0.0089,0.0107,0,0.0089,0.9999,-0.0084,0,-0.0106,0.0085,0.9999,0,0,11.1946,0.1606,1]},
{"frame":34,"values":[0.9999,-0.002,0.0135,0,0.0021,1,-0.0097,0,-0.0135,0.0098,0.9999,0,0,11.1946,0.1606,1]},
{"frame":35,"values":[0.9999,-0.0036,0.0169,0,0.0039,0.9999,-0.0154,0,-0.0168,0.0155,0.9997,0,0,11.1946,0.1606,1]},
{"frame":36,"values":[0.9998,-0.0095,0.0196,0,0.0099,0.9997,-0.0203,0,-0.0194,0.0205,0.9996,0,0,11.1946,0.1606,1]},
{"frame":37,"values":[0.9997,-0.0131,0.0214,0,0.0136,0.9997,-0.0215,0,-0.0211,0.0218,0.9995,0,0,11.1946,0.1606,1]},
{"frame":38,"values":[0.9997,-0.0114,0.0228,0,0.0119,0.9997,-0.0205,0,-0.0226,0.0207,0.9995,0,0,11.1946,0.1606,1]},
{"frame":39,"values":[0.9997,-0.0044,0.0244,0,0.0048,0.9998,-0.0187,0,-0.0243,0.0189,0.9995,0,0,11.1946,0.1606,1]},
{"frame":40,"values":[0.9996,0.0036,0.0269,0,-0.0032,0.9998,-0.0171,0,-0.027,0.017,0.9995,0,0,11.1946,0.1606,1]},
{"frame":41,"values":[0.9995,0.0051,0.0303,0,-0.0046,0.9999,-0.0158,0,-0.0304,0.0157,0.9994,0,0,11.1946,0.1606,1]},
{"frame":42,"values":[0.9995,-0.0022,0.0325,0,0.0027,0.9999,-0.0155,0,-0.0325,0.0155,0.9994,0,0,11.1946,0.1606,1]},
{"frame":43,"values":[0.9994,-0.0127,0.0319,0,0.0132,0.9998,-0.0166,0,-0.0317,0.017,0.9994,0,0,11.1946,0.1606,1]},
{"frame":44,"values":[0.9994,-0.0186,0.03,0,0.0191,0.9997,-0.0178,0,-0.0296,0.0184,0.9994,0,0,11.1946,0.1606,1]},
{"frame":45,"values":[0.9994,-0.0163,0.0296,0,0.0168,0.9997,-0.0174,0,-0.0293,0.0179,0.9994,0,0,11.1946,0.1606,1]},
{"frame":46,"values":[0.9995,-0.0072,0.0318,0,0.0077,0.9999,-0.0152,0,-0.0316,0.0155,0.9994,0,0,11.1946,0.1606,1]},
{"frame":47,"values":[0.9994,0.0044,0.0354,0,-0.004,0.9999,-0.0125,0,-0.0355,0.0124,0.9993,0,0,11.1946,0.1606,1]},
{"frame":48,"values":[0.9992,0.0131,0.0387,0,-0.0127,0.9999,-0.0101,0,-0.0388,0.0096,0.9992,0,0,11.1946,0.1606,1]},
{"frame":49,"values":[0.9991,0.0148,0.0402,0,-0.0145,0.9999,-0.0083,0,-0.0403,0.0077,0.9992,0,0,11.1946,0.1606,1]},
{"frame":50,"values":[0.9991,0.0116,0.0403,0,-0.0113,0.9999,-0.0074,0,-0.0403,0.0069,0.9992,0,0,11.1946,0.1606,1]},
{"frame":51,"values":[0.9992,0.0094,0.0398,0,-0.0091,0.9999,-0.0069,0,-0.0398,0.0066,0.9992,0,0,11.1946,0.1606,1]},
{"frame":52,"values":[0.9992,0.0118,0.0394,0,-0.0116,0.9999,-0.0066,0,-0.0395,0.0061,0.9992,0,0,11.1946,0.1606,1]},
{"frame":53,"values":[0.9991,0.0179,0.0391,0,-0.0177,0.9998,-0.0057,0,-0.0392,0.005,0.9992,0,0,11.1946,0.1606,1]},
{"frame":54,"values":[0.9989,0.0244,0.0389,0,-0.0243,0.9997,-0.0035,0,-0.039,0.0026,0.9992,0,0,11.1946,0.1606,1]},
{"frame":55,"values":[0.9988,0.0285,0.0392,0,-0.0285,0.9996,0.0001,0,-0.0392,-0.0012,0.9992,0,0,11.1946,0.1606,1]},
{"frame":56,"values":[0.9989,0.0275,0.0393,0,-0.0277,0.9996,0.0046,0,-0.0391,-0.0057,0.9992,0,0,11.1946,0.1606,1]},
{"frame":57,"values":[0.9991,0.0203,0.0365,0,-0.0207,0.9997,0.0111,0,-0.0363,-0.0118,0.9993,0,0,11.1946,0.1606,1]},
{"frame":58,"values":[0.9995,0.0077,0.03,0,-0.0083,0.9998,0.0205,0,-0.0299,-0.0207,0.9993,0,0,11.1946,0.1606,1]},
{"frame":59,"values":[0.9997,-0.0054,0.022,0,0.0047,0.9995,0.0317,0,-0.0222,-0.0316,0.9993,0,0,11.1946,0.1606,1]},
{"frame":60,"values":[0.9998,-0.0104,0.0159,0,0.0097,0.9991,0.0421,0,-0.0163,-0.0419,0.999,0,0,11.1946,0.1606,1]},
{"frame":61,"values":[0.9999,-0.0066,0.0146,0,0.0058,0.9988,0.049,0,-0.015,-0.0489,0.9987,0,0,11.1946,0.1606,1]},
{"frame":62,"values":[0.9998,-0.0006,0.0198,0,-0.0005,0.9985,0.0543,0,-0.0198,-0.0542,0.9983,0,0,11.1946,0.1606,1]},
{"frame":63,"values":[0.9996,0.006,0.028,0,-0.0077,0.9982,0.0601,0,-0.0275,-0.0603,0.9978,0,0,11.1946,0.1606,1]},
{"frame":64,"values":[0.9994,0.0147,0.0327,0,-0.0168,0.9977,0.0651,0,-0.0317,-0.0656,0.9973,0,0,11.1946,0.1606,1]},
{"frame":65,"values":[0.9993,0.022,0.0314,0,-0.0241,0.9974,0.0675,0,-0.0298,-0.0682,0.9972,0,0,11.1946,0.1606,1]},
{"frame":66,"values":[0.9993,0.0247,0.0267,0,-0.0264,0.9973,0.0679,0,-0.025,-0.0686,0.9973,0,0,11.1946,0.1606,1]},
{"frame":67,"values":[0.9994,0.0252,0.0224,0,-0.0267,0.9974,0.0675,0,-0.0206,-0.0681,0.9975,0,0,11.1946,0.1606,1]},
{"frame":68,"values":[0.9995,0.0264,0.02,0,-0.0277,0.9974,0.0668,0,-0.0182,-0.0673,0.9976,0,0,11.1946,0.1606,1]},
{"frame":69,"values":[0.9994,0.0274,0.0203,0,-0.0287,0.9974,0.0663,0,-0.0184,-0.0668,0.9976,0,0,11.1946,0.1606,1]},
{"frame":70,"values":[0.9993,0.0275,0.0235,0,-0.029,0.9974,0.0666,0,-0.0216,-0.0673,0.9975,0,0,11.1946,0.1606,1]},
{"frame":71,"values":[0.9992,0.0275,0.0281,0,-0.0294,0.9973,0.068,0,-0.0261,-0.0688,0.9973,0,0,11.1946,0.1606,1]},
{"frame":72,"values":[0.9991,0.0283,0.0318,0,-0.0305,0.9971,0.0701,0,-0.0297,-0.071,0.997,0,0,11.1946,0.1606,1]},
{"frame":73,"values":[0.999,0.0298,0.0339,0,-0.0322,0.9968,0.0728,0,-0.0317,-0.0738,0.9968,0,0,11.1946,0.1606,1]},
{"frame":74,"values":[0.9989,0.0311,0.0349,0,-0.0337,0.9965,0.0763,0,-0.0324,-0.0774,0.9965,0,0,11.1946,0.1606,1]},
{"frame":75,"values":[0.9989,0.0316,0.035,0,-0.0343,0.9961,0.0811,0,-0.0323,-0.0822,0.9961,0,0,11.1946,0.1606,1]},
{"frame":76,"values":[0.9989,0.031,0.0342,0,-0.0339,0.9956,0.0869,0,-0.0314,-0.0879,0.9956,0,0,11.1946,0.1606,1]},
{"frame":77,"values":[0.999,0.0297,0.0327,0,-0.0326,0.9951,0.0929,0,-0.0297,-0.0938,0.9951,0,0,11.1946,0.1606,1]},
{"frame":78,"values":[0.9991,0.0278,0.0308,0,-0.0307,0.9947,0.0985,0,-0.0279,-0.0993,0.9947,0,0,11.1946,0.1606,1]},
{"frame":79,"values":[0.9993,0.0254,0.0292,0,-0.0283,0.9942,0.104,0,-0.0263,-0.1048,0.9941,0,0,11.1946,0.1606,1]},
{"frame":80,"values":[0.9993,0.0232,0.0278,0,-0.0261,0.9936,0.1095,0,-0.0251,-0.1102,0.9936,0,0,11.1946,0.1606,1]},
{"frame":81,"values":[0.9994,0.0217,0.0268,0,-0.0246,0.9931,0.1146,0,-0.0242,-0.1152,0.993,0,0,11.1946,0.1606,1]},
{"frame":82,"values":[0.9994,0.0211,0.0259,0,-0.024,0.9926,0.1194,0,-0.0232,-0.12,0.9925,0,0,11.1946,0.1606,1]},
{"frame":83,"values":[0.9995,0.0213,0.0247,0,-0.0242,0.992,0.1239,0,-0.0219,-0.1244,0.992,0,0,11.1946,0.1606,1]},
{"frame":84,"values":[0.9995,0.0221,0.0237,0,-0.025,0.9915,0.1275,0,-0.0207,-0.128,0.9916,0,0,11.1946,0.1606,1]},
{"frame":85,"values":[0.9995,0.0228,0.0235,0,-0.0256,0.9913,0.1292,0,-0.0204,-0.1298,0.9913,0,0,11.1946,0.1606,1]}],"loopBehavior":1,"name":"anim","property":"_matrix"}},
{"name":"Spine2","index":3,"matrix":[0.9995,0.0235,0.0216,0,-0.0262,0.9912,0.1294,0,-0.0184,-0.1299,0.9914,0,0,10.3462,-0.8434,1],"rest":[1,0,0,0,0,1,0,0,0,0,1,0,0,10.3462,-0.8434,1],"parentBoneIndex":2,"length":14.8269
,"animation":{"dataType":3,"framePerSecond":30,"keys":[
{"frame":1,"values":[0.9995,0.0235,0.0216,0,-0.0262,0.9912,0.1294,0,-0.0184,-0.1299,0.9914,0,0,10.3462,-0.8434,1]},
{"frame":2,"values":[0.9995,0.0224,0.0213,0,-0.0249,0.9915,0.1276,0,-0.0183,-0.128,0.9916,0,0,10.3462,-0.8434,1]},
{"frame":3,"values":[0.9996,0.0203,0.0214,0,-0.0229,0.9918,0.1254,0,-0.0187,-0.1259,0.9919,0,0,10.3462,-0.8434,1]},
{"frame":4,"values":[0.9996,0.0173,0.0224,0,-0.0199,0.9922,0.1233,0,-0.0201,-0.1237,0.9921,0,0,10.3462,-0.8434,1]},
{"frame":5,"values":[0.9996,0.0142,0.0244,0,-0.0171,0.9925,0.1214,0,-0.0225,-0.1217,0.9923,0,0,10.3462,-0.8434,1]},
{"frame":6,"values":[0.9996,0.013,0.027,0,-0.0162,0.9927,0.1199,0,-0.0252,-0.1203,0.9924,0,0,10.3462,-0.8434,1]},
{"frame":7,"values":[0.9995,0.0138,0.03,0,-0.0173,0.9927,0.1197,0,-0.0282,-0.1202,0.9924,0,0,10.3462,-0.8434,1]},
{"frame":8,"values":[0.9994,0.0155,0.0325,0,-0.0194,0.9926,0.1203,0,-0.0304,-0.1208,0.9922,0,0,10.3462,-0.8434,1]},
{"frame":9,"values":[0.9993,0.0181,0.0317,0,-0.0218,0.9927,0.1184,0,-0.0293,-0.119,0.9925,0,0,10.3462,-0.8434,1]},
{"frame":10,"values":[0.9994,0.0226,0.0246,0,-0.0252,0.9933,0.1124,0,-0.0219,-0.113,0.9934,0,0,10.3462,-0.8434,1]},
{"frame":11,"values":[0.9995,0.0284,0.0115,0,-0.0294,0.9939,0.1061,0,-0.0084,-0.1064,0.9943,0,0,10.3462,-0.8434,1]},
{"frame":12,"values":[0.9995,0.0321,-0.0028,0,-0.0317,0.9942,0.1032,0,0.0061,-0.103,0.9947,0,0,10.3463,-0.8434,1]},
{"frame":13,"values":[0.9994,0.0318,-0.0127,0,-0.0304,0.9943,0.1024,0,0.0158,-0.1019,0.9947,0,0,10.3462,-0.8434,1]},
{"frame":14,"values":[0.9994,0.0283,-0.018,0,-0.0264,0.9946,0.1002,0,0.0207,-0.0997,0.9948,0,0,10.3463,-0.8434,1]},
{"frame":15,"values":[0.9995,0.0233,-0.023,0,-0.021,0.9953,0.0946,0,0.0251,-0.094,0.9953,0,0,10.3462,-0.8434,1]},
{"frame":16,"values":[0.9995,0.017,-0.0283,0,-0.0145,0.9962,0.0858,0,0.0296,-0.0853,0.9959,0,0,10.3462,-0.8434,1]},
{"frame":17,"values":[0.9995,0.0092,-0.0292,0,-0.007,0.9971,0.0755,0,0.0298,-0.0752,0.9967,0,0,10.3462,-0.8434,1]},
{"frame":18,"values":[0.9997,0.0012,-0.024,0,0.0004,0.9979,0.0647,0,0.024,-0.0647,0.9976,0,0,10.3462,-0.8434,1]},
{"frame":19,"values":[0.9998,-0.0044,-0.0169,0,0.0054,0.9985,0.0551,0,0.0167,-0.0551,0.9983,0,0,10.3463,-0.8434,1]},
{"frame":20,"values":[0.9999,-0.0054,-0.0111,0,0.0059,0.9989,0.0476,0,0.0108,-0.0476,0.9988,0,0,10.3462,-0.8434,1]},
{"frame":21,"values":[1,-0.0006,-0.0044,0,0.0008,0.9991,0.0413,0,0.0043,-0.0413,0.9991,0,0,10.3462,-0.8434,1]},
{"frame":22,"values":[0.9999,0.0107,0.0055,0,-0.0109,0.9992,0.0375,0,-0.0051,-0.0376,0.9993,0,0,10.3463,-0.8434,1]},
{"frame":23,"values":[0.9995,0.0279,0.0178,0,-0.0286,0.9988,0.0409,0,-0.0166,-0.0414,0.999,0,0,10.3462,-0.8434,1]},
{"frame":24,"values":[0.9984,0.0487,0.0285,0,-0.05,0.9976,0.0486,0,-0.026,-0.0499,0.9984,0,0,10.3462,-0.8434,1]},
{"frame":25,"values":[0.9971,0.0688,0.0317,0,-0.0703,0.9963,0.0489,0,-0.0282,-0.051,0.9983,0,0,10.3462,-0.8434,1]},
{"frame":26,"values":[0.9966,0.0787,0.026,0,-0.0797,0.996,0.0401,0,-0.0228,-0.042,0.9989,0,0,10.3462,-0.8434,1]},
{"frame":27,"values":[0.9973,0.0706,0.019,0,-0.0712,0.997,0.0298,0,-0.0168,-0.0311,0.9994,0,0,10.3462,-0.8434,1]},
{"frame":28,"values":[0.9987,0.0469,0.0176,0,-0.0472,0.9987,0.0183,0,-0.0167,-0.0191,0.9997,0,0,10.3462,-0.8434,1]},
{"frame":29,"values":[0.9997,0.0185,0.0188,0,-0.0186,0.9998,0.0052,0,-0.0187,-0.0056,0.9998,0,0,10.3462,-0.8434,1]},
{"frame":30,"values":[0.9999,-0.0038,0.0164,0,0.0039,1,-0.0043,0,-0.0164,0.0044,0.9999,0,0,10.3462,-0.8434,1]},
