{"producer":{"name":"Blender","version":"2.79 (sub 0)","exporter_version":"5.6.4","file":"Lorian.babylon"},
"autoClear":true,"clearColor":[0.0509,0.0509,0.0509],"ambientColor":[0,0,0],"gravity":[0,-9.81,0],
"materials":[{"name":"Lorian.Beta_Joints_MAT","id":"Lorian.Beta_Joints_MAT","ambient":[0.3333,0.1245,0.101],"diffuse":[0.2667,0.0996,0.0808],"specular":[0.1496,0.1496,0.1496],"emissive":[0,0,0],"specularPower":11,"alpha":1,"backFaceCulling":true,"checkReadyOnlyOnce":false,"maxSimultaneousLights":4},
{"name":"Lorian.asdf1:Beta_HighLimbsGeoSG2","id":"Lorian.asdf1:Beta_HighLimbsGeoSG2","ambient":[0.837,0.3023,0.2637],"diffuse":[0.6696,0.2418,0.2109],"specular":[0.2436,0.2436,0.2436],"emissive":[0,0,0],"specularPower":19,"alpha":1,"backFaceCulling":true,"checkReadyOnlyOnce":false,"maxSimultaneousLights":4}],
"multiMaterials":[],
"skeletons":[{"name":"Lorian_armature","id":0,"dimensionsAtRest":[180.6984,191.5436,26.6004],"bones":[
{"name":"mixamorig:Hips","index":0,"matrix":[0.9989,-0.0279,0.0388,0,0.0351,0.9792,-0.1997,0,0.0325,-0.2009,-0.9791,0,-1.5482,95.2766,-1.6621,1],"rest":[1,0,0,0,0,1,0,0,0,0,-1,0,0,103.9915,-2.0761,1],"parentBoneIndex":-1,"length":10.5592
,"animation":{"dataType":3,"framePerSecond":30,"keys":[
{"frame":1,"values":[0.9985,-0.0367,-0.0405,0,0.0395,0.9969,0.0687,0,-0.0378,0.0702,-0.9968,0,1.9816,101.5315,5.1068,1]},
{"frame":2,"values":[0.9986,-0.0366,-0.0373,0,0.0391,0.9969,0.0681,0,-0.0347,0.0695,-0.997,0,1.9855,101.5048,5.1082,1]},
{"frame":3,"values":[0.9987,-0.0367,-0.0349,0,0.039,0.9969,0.068,0,-0.0323,0.0692,-0.9971,0,1.9798,101.4885,5.113,1]},
{"frame":4,"values":[0.9988,-0.0368,-0.0338,0,0.039,0.9969,0.0683,0,-0.0312,0.0695,-0.9971,0,1.9639,101.4839,5.1266,1]},
{"frame":5,"values":[0.9988,-0.0369,-0.0336,0,0.0391,0.9969,0.0686,0,-0.031,0.0698,-0.9971,0,1.9429,101.487,5.1516,1]},
{"frame":6,"values":[0.9987,-0.037,-0.0339,0,0.0392,0.9969,0.068,0,-0.0313,0.0693,-0.9971,0,1.9241,101.4928,5.1879,1]},
{"frame":7,"values":[0.9987,-0.0372,-0.0343,0,0.0394,0.997,0.0667,0,-0.0317,0.068,-0.9972,0,1.9116,101.4986,5.2317,1]},
{"frame":8,"values":[0.9987,-0.0374,-0.0349,0,0.0396,0.9971,0.0652,0,-0.0324,0.0665,-0.9973,0,1.9059,101.5052,5.2751,1]},
{"frame":9,"values":[0.9987,-0.0375,-0.0359,0,0.0397,0.9971,0.0646,0,-0.0333,0.0659,-0.9973,0,1.9073,101.5169,5.3095,1]},
{"frame":10,"values":[0.9986,-0.0371,-0.0368,0,0.0394,0.9971,0.0651,0,-0.0343,0.0665,-0.9972,0,1.9167,101.5392,5.3327,1]},
{"frame":11,"values":[0.9986,-0.0362,-0.0373,0,0.0386,0.997,0.0664,0,-0.0347,0.0678,-0.9971,0,1.936,101.5754,5.3516,1]},
{"frame":12,"values":[0.9987,-0.0352,-0.0368,0,0.0377,0.997,0.0679,0,-0.0343,0.0692,-0.997,0,1.9668,101.6227,5.3784,1]},
{"frame":13,"values":[0.9988,-0.0347,-0.0356,0,0.0371,0.9969,0.0687,0,-0.0331,0.07,-0.997,0,2.0039,101.6754,5.4233,1]},
{"frame":14,"values":[0.9988,-0.0351,-0.0345,0,0.0374,0.9969,0.0687,0,-0.032,0.0699,-0.997,0,2.0319,101.7286,5.4886,1]},
{"frame":15,"values":[0.9988,-0.0361,-0.0343,0,0.0384,0.9969,0.068,0,-0.0318,0.0692,-0.9971,0,2.0368,101.781,5.5695,1]},
{"frame":16,"values":[0.9987,-0.0371,-0.0351,0,0.0394,0.9969,0.0674,0,-0.0324,0.0687,-0.9971,0,2.0253,101.8365,5.6575,1]},
{"frame":17,"values":[0.9987,-0.0374,-0.0357,0,0.0398,0.9969,0.068,0,-0.0331,0.0693,-0.997,0,2.0188,101.8982,5.7455,1]},
{"frame":18,"values":[0.9987,-0.0365,-0.0355,0,0.039,0.9968,0.0698,0,-0.0328,0.0711,-0.9969,0,2.0301,101.9618,5.8321,1]},
{"frame":19,"values":[0.9988,-0.035,-0.0345,0,0.0374,0.9967,0.0719,0,-0.0318,0.0731,-0.9968,0,2.0563,102.017,5.9229,1]},
{"frame":20,"values":[0.9989,-0.0333,-0.0336,0,0.0357,0.9967,0.0731,0,-0.0311,0.0742,-0.9968,0,2.0863,102.0474,6.0283,1]},
{"frame":21,"values":[0.9989,-0.032,-0.0343,0,0.0344,0.9967,0.0731,0,-0.0318,0.0742,-0.9967,0,2.1034,102.0336,6.1546,1]},
{"frame":22,"values":[0.9988,-0.0315,-0.0372,0,0.0341,0.9968,0.0723,0,-0.0348,0.0734,-0.9967,0,2.0856,101.9655,6.2934,1]},
{"frame":23,"values":[0.9986,-0.0314,-0.0422,0,0.0344,0.9968,0.0715,0,-0.0399,0.0728,-0.9965,0,2.0163,101.8538,6.4195,1]},
{"frame":24,"values":[0.9983,-0.0318,-0.048,0,0.0352,0.9968,0.0711,0,-0.0456,0.0727,-0.9963,0,1.9121,101.735,6.5045,1]},
{"frame":25,"values":[0.9981,-0.0322,-0.0518,0,0.0358,0.9968,0.0708,0,-0.0493,0.0726,-0.9961,0,1.821,101.645,6.544,1]},
{"frame":26,"values":[0.9982,-0.0323,-0.0513,0,0.0359,0.9969,0.0701,0,-0.0489,0.0719,-0.9962,0,1.7849,101.5989,6.5592,1]},
{"frame":27,"values":[0.9984,-0.0323,-0.0467,0,0.0355,0.997,0.0691,0,-0.0444,0.0706,-0.9965,0,1.8006,101.5816,6.5708,1]},
{"frame":28,"values":[0.9987,-0.0325,-0.04,0,0.0352,0.997,0.0683,0,-0.0377,0.0696,-0.9969,0,1.8303,101.5705,6.5866,1]},
{"frame":29,"values":[0.9989,-0.0331,-0.0332,0,0.0353,0.9971,0.068,0,-0.0309,0.0691,-0.9971,0,1.8487,101.5539,6.6054,1]},
{"frame":30,"values":[0.9991,-0.0341,-0.0271,0,0.0359,0.997,0.0679,0,-0.0247,0.0688,-0.9973,0,1.866,101.5315,6.6238,1]},
{"frame":31,"values":[0.9992,-0.0352,-0.0214,0,0.0366,0.997,0.0676,0,-0.019,0.0683,-0.9975,0,1.9073,101.5077,6.6412,1]},
{"frame":32,"values":[0.9992,-0.0357,-0.0166,0,0.0368,0.9971,0.0671,0,-0.0142,0.0677,-0.9976,0,1.9791,101.4858,6.6584,1]},
{"frame":33,"values":[0.9993,-0.0356,-0.0137,0,0.0364,0.9971,0.0667,0,-0.0113,0.0671,-0.9977,0,2.0562,101.4649,6.6761,1]},
{"frame":34,"values":[0.9993,-0.0351,-0.0137,0,0.0359,0.9972,0.0664,0,-0.0113,0.0668,-0.9977,0,2.1031,101.4413,6.6938,1]},
{"frame":35,"values":[0.9993,-0.0347,-0.0163,0,0.0357,0.9972,0.0661,0,-0.014,0.0667,-0.9977,0,2.1117,101.4094,6.7112,1]},
{"frame":36,"values":[0.9992,-0.0349,-0.0199,0,0.0361,0.9972,0.0659,0,-0.0176,0.0666,-0.9976,0,2.1098,101.3701,6.7303,1]},
{"frame":37,"values":[0.9991,-0.0353,-0.0229,0,0.0367,0.9972,0.0656,0,-0.0205,0.0663,-0.9976,0,2.1305,101.3314,6.7539,1]},
{"frame":38,"values":[0.9991,-0.0355,-0.0245,0,0.0371,0.9972,0.065,0,-0.0221,0.0659,-0.9976,0,2.1841,101.3021,6.7818,1]},
{"frame":39,"values":[0.9991,-0.0355,-0.0249,0,0.037,0.9972,0.0644,0,-0.0225,0.0653,-0.9976,0,2.2541,101.2873,6.8096,1]},
{"frame":40,"values":[0.9991,-0.0354,-0.0245,0,0.0369,0.9973,0.0637,0,-0.0222,0.0646,-0.9977,0,2.3144,101.2874,6.8313,1]},
{"frame":41,"values":[0.9991,-0.0357,-0.024,0,0.0371,0.9973,0.063,0,-0.0217,0.0638,-0.9977,0,2.3504,101.2974,6.8428,1]},
{"frame":42,"values":[0.9991,-0.0361,-0.0235,0,0.0375,0.9973,0.0627,0,-0.0212,0.0635,-0.9978,0,2.3694,101.3098,6.844,1]},
{"frame":43,"values":[0.9991,-0.0359,-0.0232,0,0.0373,0.9973,0.0632,0,-0.0209,0.064,-0.9977,0,2.3929,101.318,6.8374,1]},
{"frame":44,"values":[0.9991,-0.0344,-0.0231,0,0.0359,0.9973,0.0646,0,-0.0208,0.0654,-0.9976,0,2.4367,101.3204,6.8266,1]},
{"frame":45,"values":[0.9992,-0.0322,-0.0231,0,0.0336,0.9972,0.0662,0,-0.0209,0.0669,-0.9975,0,2.4957,101.3227,6.8148,1]},
{"frame":46,"values":[0.9993,-0.0301,-0.0234,0,0.0316,0.9972,0.0671,0,-0.0213,0.0678,-0.9975,0,2.5482,101.3329,6.804,1]},
{"frame":47,"values":[0.9993,-0.0291,-0.0243,0,0.0306,0.9973,0.0673,0,-0.0223,0.068,-0.9974,0,2.5722,101.353,6.7922,1]},
{"frame":48,"values":[0.9992,-0.0292,-0.0261,0,0.0309,0.9973,0.0672,0,-0.0241,0.0679,-0.9974,0,2.5565,101.3783,6.7749,1]},
{"frame":49,"values":[0.9991,-0.0303,-0.0286,0,0.0321,0.9972,0.0669,0,-0.0265,0.0677,-0.9974,0,2.5081,101.4019,6.751,1]},
{"frame":50,"values":[0.999,-0.0317,-0.0308,0,0.0337,0.9973,0.0659,0,-0.0286,0.0668,-0.9974,0,2.4545,101.4187,6.7275,1]},
{"frame":51,"values":[0.999,-0.0328,-0.0314,0,0.0348,0.9974,0.0636,0,-0.0292,0.0646,-0.9975,0,2.4328,101.428,6.7172,1]},
{"frame":52,"values":[0.999,-0.0328,-0.0297,0,0.0345,0.9976,0.0598,0,-0.0277,0.0608,-0.9978,0,2.4626,101.431,6.7274,1]},
{"frame":53,"values":[0.9991,-0.0313,-0.027,0,0.0328,0.9979,0.0555,0,-0.0252,0.0564,-0.9981,0,2.5212,101.4276,6.7476,1]},
{"frame":54,"values":[0.9993,-0.0289,-0.0256,0,0.0303,0.9981,0.0528,0,-0.0241,0.0535,-0.9983,0,2.5574,101.42,6.7516,1]},
{"frame":55,"values":[0.9993,-0.0267,-0.0271,0,0.0281,0.9982,0.0533,0,-0.0257,0.054,-0.9982,0,2.5395,101.4168,6.7181,1]},
{"frame":56,"values":[0.9992,-0.0252,-0.0305,0,0.0269,0.998,0.0564,0,-0.0291,0.0572,-0.9979,0,2.4871,101.4322,6.6523,1]},
{"frame":57,"values":[0.9991,-0.0245,-0.0335,0,0.0265,0.9978,0.0602,0,-0.0319,0.061,-0.9976,0,2.4482,101.478,6.5804,1]},
{"frame":58,"values":[0.9991,-0.0242,-0.0346,0,0.0263,0.9977,0.0627,0,-0.033,0.0636,-0.9974,0,2.4476,101.5499,6.523,1]},
{"frame":59,"values":[0.9991,-0.0243,-0.0343,0,0.0265,0.9976,0.0636,0,-0.0327,0.0644,-0.9974,0,2.4653,101.6232,6.4775,1]},
{"frame":60,"values":[0.9991,-0.0253,-0.0342,0,0.0274,0.9976,0.0632,0,-0.0325,0.0641,-0.9974,0,2.4605,101.6691,6.4268,1]},
{"frame":61,"values":[0.999,-0.0273,-0.0347,0,0.0294,0.9976,0.0623,0,-0.0329,0.0633,-0.9975,0,2.4126,101.675,6.3581,1]},
{"frame":62,"values":[0.9989,-0.03,-0.0353,0,0.0321,0.9976,0.0619,0,-0.0334,0.063,-0.9975,0,2.3419,101.6493,6.2719,1]},
{"frame":63,"values":[0.9989,-0.0325,-0.0348,0,0.0346,0.9974,0.0627,0,-0.0327,0.0638,-0.9974,0,2.2939,101.6158,6.1777,1]},
{"frame":64,"values":[0.9989,-0.0341,-0.0328,0,0.0362,0.9972,0.065,0,-0.0305,0.0661,-0.9973,0,2.3003,101.5974,6.0853,1]},
{"frame":65,"values":[0.9989,-0.0346,-0.0302,0,0.0366,0.997,0.068,0,-0.0278,0.069,-0.9972,0,2.3501,101.5996,6.0014,1]},
{"frame":66,"values":[0.999,-0.0346,-0.0285,0,0.0366,0.9969,0.07,0,-0.026,0.0709,-0.9971,0,2.3976,101.612,5.9298,1]},
{"frame":67,"values":[0.999,-0.0347,-0.029,0,0.0366,0.9969,0.0699,0,-0.0265,0.0709,-0.9971,0,2.4032,101.6223,5.8726,1]},
{"frame":68,"values":[0.9989,-0.0349,-0.0314,0,0.0369,0.997,0.0681,0,-0.029,0.0692,-0.9972,0,2.3661,101.6244,5.8293,1]},
{"frame":69,"values":[0.9988,-0.0349,-0.0344,0,0.0372,0.9971,0.0658,0,-0.032,0.067,-0.9972,0,2.3185,101.6169,5.7951,1]},
{"frame":70,"values":[0.9987,-0.0348,-0.0368,0,0.0371,0.9973,0.0638,0,-0.0345,0.0651,-0.9973,0,2.2925,101.6005,5.7628,1]},
{"frame":71,"values":[0.9987,-0.0345,-0.0384,0,0.0368,0.9974,0.0627,0,-0.0362,0.064,-0.9973,0,2.2949,101.5806,5.7288,1]},
{"frame":72,"values":[0.9986,-0.0344,-0.0398,0,0.0368,0.9974,0.0623,0,-0.0375,0.0637,-0.9973,0,2.3084,101.5647,5.6975,1]},
{"frame":73,"values":[0.9985,-0.0349,-0.0415,0,0.0374,0.9973,0.0625,0,-0.0392,0.0639,-0.9972,0,2.309,101.5547,5.6774,1]},
{"frame":74,"values":[0.9984,-0.0357,-0.0438,0,0.0384,0.9973,0.0629,0,-0.0414,0.0645,-0.9971,0,2.2856,101.5421,5.6712,1]},
{"frame":75,"values":[0.9982,-0.0366,-0.0465,0,0.0395,0.9972,0.0634,0,-0.044,0.0651,-0.9969,0,2.2445,101.5146,5.6723,1]},
{"frame":76,"values":[0.9981,-0.0371,-0.0493,0,0.0402,0.9972,0.0636,0,-0.0468,0.0654,-0.9968,0,2.1969,101.4667,5.6715,1]},
{"frame":77,"values":[0.998,-0.037,-0.0519,0,0.0403,0.9972,0.0636,0,-0.0494,0.0655,-0.9966,0,2.1472,101.4046,5.6622,1]},
{"frame":78,"values":[0.9979,-0.0364,-0.0537,0,0.0398,0.9972,0.0635,0,-0.0512,0.0655,-0.9965,0,2.0934,101.3403,5.6411,1]},
{"frame":79,"values":[0.9979,-0.0352,-0.0541,0,0.0386,0.9972,0.0633,0,-0.0517,0.0653,-0.9965,0,2.0318,101.2814,5.6058,1]},
{"frame":80,"values":[0.998,-0.0336,-0.0527,0,0.0369,0.9973,0.063,0,-0.0505,0.0648,-0.9966,0,1.9609,101.2299,5.5564,1]},
{"frame":81,"values":[0.9982,-0.0319,-0.0498,0,0.035,0.9974,0.0624,0,-0.0477,0.064,-0.9968,0,1.8815,101.1871,5.4961,1]},
{"frame":82,"values":[0.9985,-0.0305,-0.0457,0,0.0333,0.9976,0.0612,0,-0.0438,0.0627,-0.9971,0,1.7939,101.154,5.4292,1]},
{"frame":83,"values":[0.9987,-0.0295,-0.0406,0,0.0319,0.9977,0.0597,0,-0.0388,0.0609,-0.9974,0,1.6976,101.1287,5.3591,1]},
{"frame":84,"values":[0.999,-0.0288,-0.0346,0,0.0308,0.9978,0.058,0,-0.0328,0.059,-0.9977,0,1.5943,101.1068,5.2886,1]},
{"frame":85,"values":[0.9992,-0.028,-0.0275,0,0.0296,0.998,0.0564,0,-0.0259,0.0572,-0.998,0,1.4909,101.0854,5.2216,1]},
{"frame":86,"values":[0.9994,-0.0271,-0.0196,0,0.0282,0.9981,0.055,0,-0.0181,0.0555,-0.9983,0,1.3933,101.0666,5.1622,1]},
{"frame":87,"values":[0.9996,-0.0262,-0.0112,0,0.0268,0.9982,0.0533,0,-0.0098,0.0536,-0.9985,0,1.2986,101.054,5.1106,1]},
{"frame":88,"values":[0.9997,-0.0256,-0.0026,0,0.0257,0.9984,0.0513,0,-0.0013,0.0513,-0.9987,0,1.1986,101.0457,5.0631,1]},
{"frame":89,"values":[0.9997,-0.0253,0.006,0,0.025,0.9985,0.0487,0,0.0072,0.0485,-0.9988,0,1.0901,101.0337,5.0147,1]},
{"frame":90,"values":[0.9996,-0.0253,0.0144,0,0.0246,0.9986,0.0458,0,0.0156,0.0455,-0.9988,0,0.979,101.0132,4.963,1]},
{"frame":91,"values":[0.9994,-0.0252,0.0225,0,0.0242,0.9988,0.0431,0,0.0236,0.0426,-0.9988,0,0.8745,100.987,4.9079,1]},
{"frame":92,"values":[0.9992,-0.025,0.0301,0,0.0237,0.9989,0.041,0,0.0311,0.0402,-0.9987,0,0.7807,100.9627,4.8496,1]},
{"frame":93,"values":[0.999,-0.0247,0.037,0,0.0233,0.999,0.0394,0,0.0379,0.0385,-0.9985,0,0.6969,100.9472,4.7872,1]},
{"frame":94,"values":[0.9988,-0.0245,0.043,0,0.0228,0.999,0.0383,0,0.0439,0.0373,-0.9983,0,0.6222,100.942,4.7197,1]},
{"frame":95,"values":[0.9986,-0.0241,0.0481,0,0.0223,0.9991,0.0372,0,0.049,0.0361,-0.9981,0,0.5571,100.9438,4.6468,1]},
{"frame":96,"values":[0.9984,-0.0235,0.0523,0,0.0216,0.9991,0.0359,0,0.0531,0.0348,-0.998,0,0.5008,100.9495,4.5689,1]},
{"frame":97,"values":[0.9982,-0.0229,0.0556,0,0.021,0.9992,0.0345,0,0.0563,0.0333,-0.9979,0,0.4501,100.9543,4.4865,1]},
{"frame":98,"values":[0.9981,-0.0223,0.0581,0,0.0204,0.9992,0.033,0,0.0588,0.0318,-0.9978,0,0.4025,100.9518,4.3997,1]},
{"frame":99,"values":[0.9979,-0.0219,0.0601,0,0.0201,0.9993,0.0316,0,0.0608,0.0304,-0.9977,0,0.3588,100.94,4.309,1]},
{"frame":100,"values":[0.9979,-0.0215,0.0618,0,0.0197,0.9993,0.0304,0,0.0624,0.0291,-0.9976,0,0.3237,100.9223,4.2157,1]},
{"frame":101,"values":[0.9978,-0.021,0.0635,0,0.0192,0.9994,0.0293,0,0.0641,0.028,-0.9976,0,0.3017,100.9038,4.1222,1]},
{"frame":102,"values":[0.9977,-0.0204,0.0653,0,0.0186,0.9994,0.0285,0,0.0659,0.0272,-0.9975,0,0.2935,100.8931,4.0306,1]},
{"frame":103,"values":[0.9975,-0.0199,0.0673,0,0.018,0.9994,0.0279,0,0.0678,0.0266,-0.9973,0,0.2943,100.8973,3.9413,1]},
{"frame":104,"values":[0.9974,-0.0196,0.0692,0,0.0177,0.9995,0.0275,0,0.0697,0.0262,-0.9972,0,0.299,100.9126,3.8531,1]},
{"frame":105,"values":[0.9973,-0.0195,0.0704,0,0.0176,0.9995,0.027,0,0.0709,0.0257,-0.9972,0,0.3038,100.9317,3.7656,1]},
{"frame":106,"values":[0.9973,-0.0197,0.0709,0,0.0178,0.9995,0.0268,0,0.0714,0.0255,-0.9971,0,0.3071,100.9515,3.6815,1]},
{"frame":107,"values":[0.9973,-0.02,0.0707,0,0.0181,0.9995,0.027,0,0.0712,0.0256,-0.9971,0,0.3113,100.9697,3.6037,1]},
{"frame":108,"values":[0.9973,-0.0204,0.07,0,0.0185,0.9994,0.0276,0,0.0706,0.0262,-0.9972,0,0.3242,100.983,3.5315,1]},
{"frame":109,"values":[0.9974,-0.0207,0.0691,0,0.0188,0.9994,0.0286,0,0.0696,0.0272,-0.9972,0,0.3533,100.9888,3.4603,1]},
{"frame":110,"values":[0.9975,-0.021,0.0675,0,0.019,0.9994,0.0298,0,0.068,0.0284,-0.9973,0,0.3951,100.9868,3.3884,1]},
{"frame":111,"values":[0.9977,-0.0214,0.0646,0,0.0195,0.9993,0.0311,0,0.0652,0.0298,-0.9974,0,0.4341,100.9812,3.3196,1]},
{"frame":112,"values":[0.998,-0.0221,0.0599,0,0.0202,0.9993,0.0326,0,0.0606,0.0313,-0.9977,0,0.457,100.9781,3.26,1]},
{"frame":113,"values":[0.9983,-0.0228,0.0536,0,0.021,0.9992,0.0344,0,0.0543,0.0332,-0.998,0,0.4657,100.9808,3.2128,1]},
{"frame":114,"values":[0.9987,-0.0233,0.0464,0,0.0216,0.9991,0.0362,0,0.0472,0.0352,-0.9983,0,0.475,100.988,3.1757,1]},
{"frame":115,"values":[0.9989,-0.0232,0.0395,0,0.0217,0.999,0.0378,0,0.0404,0.0369,-0.9985,0,0.4977,100.9962,3.1439,1]},
{"frame":116,"values":[0.9992,-0.023,0.0335,0,0.0217,0.999,0.039,0,0.0344,0.0382,-0.9987,0,0.5363,101.0034,3.1142,1]},
{"frame":117,"values":[0.9993,-0.0228,0.0285,0,0.0216,0.999,0.04,0,0.0294,0.0393,-0.9988,0,0.5896,101.0143,3.086,1]},
{"frame":118,"values":[0.9994,-0.0228,0.0243,0,0.0218,0.9989,0.0412,0,0.0252,0.0407,-0.9989,0,0.6595,101.0367,3.0622,1]},
{"frame":119,"values":[0.9995,-0.0229,0.0206,0,0.022,0.9988,0.0431,0,0.0216,0.0426,-0.9989,0,0.7481,101.0737,3.0463,1]},
{"frame":120,"values":[0.9996,-0.0229,0.0171,0,0.0221,0.9987,0.0457,0,0.0181,0.0453,-0.9988,0,0.8521,101.1212,3.0414,1]},
{"frame":121,"values":[0.9997,-0.0227,0.0133,0,0.0221,0.9986,0.0487,0,0.0144,0.0484,-0.9987,0,0.9638,101.1724,3.0473,1]},
{"frame":122,"values":[0.9997,-0.0224,0.0095,0,0.0219,0.9984,0.0516,0,0.0106,0.0514,-0.9986,0,1.0749,101.2223,3.0604,1]},
{"frame":123,"values":[0.9997,-0.0221,0.0055,0,0.0218,0.9983,0.0544,0,0.0067,0.0542,-0.9985,0,1.1799,101.2685,3.0764,1]},
{"frame":124,"values":[0.9998,-0.0218,0.0017,0,0.0217,0.9981,0.057,0,0.003,0.0569,-0.9984,0,1.2776,101.3077,3.0932,1]},
{"frame":125,"values":[0.9998,-0.0217,-0.0015,0,0.0218,0.998,0.0592,0,-0.0002,0.0592,-0.9982,0,1.372,101.3331,3.1099,1]},
{"frame":126,"values":[0.9997,-0.0221,-0.0038,0,0.0223,0.9979,0.0606,0,-0.0024,0.0607,-0.9982,0,1.4698,101.3362,3.1251,1]},
{"frame":127,"values":[0.9997,-0.0232,-0.0052,0,0.0235,0.9979,0.0611,0,-0.0038,0.0612,-0.9981,0,1.5727,101.3176,3.1355,1]},
{"frame":128,"values":[0.9997,-0.025,-0.0061,0,0.0253,0.9978,0.0607,0,-0.0046,0.0608,-0.9981,0,1.6741,101.2943,3.139,1]},
{"frame":129,"values":[0.9996,-0.0272,-0.0068,0,0.0275,0.9978,0.0596,0,-0.0052,0.0598,-0.9982,0,1.7647,101.29,3.1376,1]},
{"frame":130,"values":[0.9995,-0.0294,-0.0076,0,0.0298,0.9979,0.0582,0,-0.0058,0.0584,-0.9983,0,1.8404,101.3137,3.1353,1]},
{"frame":131,"values":[0.9995,-0.0314,-0.0087,0,0.0318,0.9979,0.0566,0,-0.0069,0.0568,-0.9984,0,1.9022,101.3534,3.1346,1]},
{"frame":132,"values":[0.9994,-0.0326,-0.0109,0,0.0332,0.9979,0.0551,0,-0.009,0.0554,-0.9984,0,1.9503,101.3891,3.1339,1]},
{"frame":133,"values":[0.9994,-0.033,-0.0144,0,0.0337,0.998,0.0543,0,-0.0125,0.0547,-0.9984,0,1.9842,101.41,3.128,1]},
{"frame":134,"values":[0.9993,-0.0326,-0.019,0,0.0336,0.9979,0.0546,0,-0.0172,0.0552,-0.9983,0,2.0086,101.4211,3.1165,1]},
{"frame":135,"values":[0.9992,-0.0318,-0.0237,0,0.0331,0.9979,0.0561,0,-0.0219,0.0568,-0.9981,0,2.0369,101.4391,3.1063,1]},
{"frame":136,"values":[0.9992,-0.031,-0.0272,0,0.0325,0.9978,0.0579,0,-0.0253,0.0588,-0.998,0,2.0826,101.4803,3.1093,1]},
{"frame":137,"values":[0.9991,-0.0305,-0.0289,0,0.0322,0.9977,0.059,0,-0.0271,0.0598,-0.9978,0,2.144,101.5495,3.1331,1]},
{"frame":138,"values":[0.9991,-0.0306,-0.0297,0,0.0323,0.9978,0.0584,0,-0.0278,0.0593,-0.9979,0,2.2016,101.6353,3.1747,1]},
{"frame":139,"values":[0.999,-0.0314,-0.0304,0,0.0331,0.9979,0.0566,0,-0.0286,0.0575,-0.9979,0,2.2356,101.7136,3.2248,1]},
{"frame":140,"values":[0.999,-0.0324,-0.032,0,0.0341,0.9979,0.0544,0,-0.0302,0.0555,-0.998,0,2.2421,101.7573,3.2764,1]},
{"frame":141,"values":[0.9989,-0.0335,-0.0342,0,0.0353,0.998,0.0529,0,-0.0323,0.054,-0.998,0,2.2321,101.7542,3.3296,1]},
{"frame":142,"values":[0.9987,-0.0346,-0.0364,0,0.0365,0.998,0.052,0,-0.0345,0.0532,-0.998,0,2.2197,101.7138,3.3879,1]},
{"frame":143,"values":[0.9986,-0.0356,-0.0381,0,0.0375,0.998,0.0513,0,-0.0362,0.0527,-0.998,0,2.2119,101.657,3.4529,1]},
{"frame":144,"values":[0.9986,-0.0366,-0.0394,0,0.0385,0.998,0.0505,0,-0.0375,0.0519,-0.9979,0,2.2084,101.6003,3.5232,1]},
{"frame":145,"values":[0.9985,-0.0375,-0.0409,0,0.0395,0.998,0.0494,0,-0.0389,0.051,-0.9979,0,2.205,101.5505,3.5969,1]},
{"frame":146,"values":[0.9983,-0.0384,-0.0432,0,0.0405,0.998,0.0488,0,-0.0412,0.0504,-0.9979,0,2.1975,101.5101,3.6744,1]},
{"frame":147,"values":[0.9982,-0.0391,-0.0465,0,0.0413,0.9979,0.0489,0,-0.0445,0.0507,-0.9977,0,2.1821,101.4836,3.7578,1]},
{"frame":148,"values":[0.9979,-0.0395,-0.0505,0,0.0421,0.9979,0.0497,0,-0.0484,0.0517,-0.9975,0,2.1584,101.4764,3.8477,1]},
{"frame":149,"values":[0.9977,-0.0398,-0.0542,0,0.0426,0.9978,0.0508,0,-0.0521,0.053,-0.9972,0,2.1321,101.4852,3.941,1]},
{"frame":150,"values":[0.9976,-0.0399,-0.0565,0,0.0428,0.9978,0.0514,0,-0.0543,0.0537,-0.9971,0,2.1147,101.4964,4.0315,1]},
{"frame":151,"values":[0.9976,-0.0397,-0.0568,0,0.0427,0.9978,0.0513,0,-0.0547,0.0536,-0.9971,0,2.117,101.4957,4.1145,1]},
{"frame":152,"values":[0.9977,-0.0394,-0.0556,0,0.0422,0.9978,0.0505,0,-0.0535,0.0528,-0.9972,0,2.1396,101.4787,4.1891,1]},
{"frame":153,"values":[0.9978,-0.039,-0.0537,0,0.0417,0.9979,0.0498,0,-0.0517,0.0519,-0.9973,0,2.1693,101.4544,4.2571,1]},
{"frame":154,"values":[0.9979,-0.0388,-0.052,0,0.0414,0.9979,0.0496,0,-0.0499,0.0516,-0.9974,0,2.1894,101.4363,4.3206,1]},
{"frame":155,"values":[0.998,-0.0388,-0.0504,0,0.0413,0.9979,0.0499,0,-0.0484,0.0518,-0.9975,0,2.1922,101.4337,4.3804,1]},
{"frame":156,"values":[0.998,-0.039,-0.0488,0,0.0415,0.9979,0.0505,0,-0.0467,0.0524,-0.9975,0,2.1813,101.4478,4.4362,1]},
{"frame":157,"values":[0.9981,-0.0391,-0.047,0,0.0415,0.9978,0.0513,0,-0.0449,0.0531,-0.9976,0,2.1656,101.471,4.4873,1]},
{"frame":158,"values":[0.9982,-0.0389,-0.0454,0,0.0413,0.9978,0.0521,0,-0.0433,0.0539,-0.9976,0,2.1526,101.4901,4.533,1]},
{"frame":159,"values":[0.9983,-0.0385,-0.0442,0,0.0408,0.9978,0.053,0,-0.0421,0.0547,-0.9976,0,2.1448,101.4949,4.5722,1]},
{"frame":160,"values":[0.9983,-0.038,-0.0434,0,0.0404,0.9977,0.0539,0,-0.0413,0.0555,-0.9976,0,2.1415,101.4872,4.6056,1]},
{"frame":161,"values":[0.9984,-0.0378,-0.043,0,0.0401,0.9977,0.0549,0,-0.0408,0.0565,-0.9976,0,2.14,101.4803,4.6363,1]},
{"frame":162,"values":[0.9984,-0.0378,-0.0426,0,0.0401,0.9976,0.0563,0,-0.0403,0.0579,-0.9975,0,2.1379,101.4876,4.6689,1]},
{"frame":163,"values":[0.9984,-0.0379,-0.0422,0,0.0404,0.9975,0.0581,0,-0.0399,0.0597,-0.9974,0,2.1335,101.511,4.7057,1]},
{"frame":164,"values":[0.9984,-0.0383,-0.0419,0,0.0408,0.9973,0.0603,0,-0.0395,0.0619,-0.9973,0,2.1263,101.5381,4.7435,1]},
{"frame":165,"values":[0.9984,-0.0385,-0.0419,0,0.0411,0.9972,0.0625,0,-0.0393,0.0641,-0.9972,0,2.1165,101.5534,4.7755,1]},
{"frame":166,"values":[0.9984,-0.0386,-0.0421,0,0.0412,0.9971,0.0642,0,-0.0395,0.0658,-0.9971,0,2.1047,101.5508,4.7962,1]},
{"frame":167,"values":[0.9984,-0.0383,-0.0424,0,0.0411,0.997,0.0652,0,-0.0397,0.0669,-0.997,0,2.0936,101.5351,4.8055,1]},
{"frame":168,"values":[0.9984,-0.0381,-0.0424,0,0.0408,0.997,0.0659,0,-0.0398,0.0675,-0.9969,0,2.0887,101.5146,4.8094,1]},
{"frame":169,"values":[0.9984,-0.038,-0.0421,0,0.0407,0.997,0.0663,0,-0.0395,0.068,-0.9969,0,2.0935,101.4967,4.8148,1]},
{"frame":170,"values":[0.9984,-0.038,-0.0414,0,0.0407,0.9969,0.0669,0,-0.0387,0.0685,-0.9969,0,2.1037,101.488,4.8248,1]},
{"frame":171,"values":[0.9985,-0.0381,-0.0405,0,0.0408,0.9969,0.0675,0,-0.0378,0.0691,-0.9969,0,2.108,101.4943,4.8376,1]},
{"frame":172,"values":[0.9985,-0.0381,-0.0398,0,0.0407,0.9968,0.0683,0,-0.0371,0.0698,-0.9969,0,2.0979,101.5144,4.8505,1]},
{"frame":173,"values":[0.9985,-0.038,-0.0395,0,0.0407,0.9968,0.069,0,-0.0367,0.0705,-0.9968,0,2.0771,101.5363,4.8617,1]},
{"frame":174,"values":[0.9985,-0.0379,-0.0394,0,0.0406,0.9967,0.0696,0,-0.0366,0.0711,-0.9968,0,2.0573,101.5456,4.8718,1]},
{"frame":175,"values":[0.9985,-0.0379,-0.0393,0,0.0406,0.9967,0.0699,0,-0.0366,0.0714,-0.9968,0,2.0472,101.539,4.8825,1]},
{"frame":176,"values":[0.9985,-0.0379,-0.0393,0,0.0406,0.9967,0.07,0,-0.0365,0.0715,-0.9968,0,2.0453,101.5282,4.8952,1]},
{"frame":177,"values":[0.9985,-0.0378,-0.0393,0,0.0405,0.9967,0.07,0,-0.0365,0.0715,-0.9968,0,2.0447,101.5295,4.9109,1]},
{"frame":178,"values":[0.9985,-0.0377,-0.0392,0,0.0404,0.9967,0.0699,0,-0.0365,0.0714,-0.9968,0,2.0399,101.5491,4.9296,1]},
{"frame":179,"values":[0.9985,-0.0375,-0.0392,0,0.0402,0.9967,0.0699,0,-0.0365,0.0713,-0.9968,0,2.0313,101.575,4.9498,1]},
{"frame":180,"values":[0.9985,-0.0373,-0.0393,0,0.04,0.9968,0.0699,0,-0.0366,0.0713,-0.9968,0,2.0217,101.5876,4.9697,1]},
{"frame":181,"values":[0.9985,-0.0372,-0.0394,0,0.0399,0.9968,0.0698,0,-0.0367,0.0712,-0.9968,0,2.0127,101.5781,4.9886,1]},
{"frame":182,"values":[0.9985,-0.037,-0.0396,0,0.0397,0.9968,0.0696,0,-0.0369,0.071,-0.9968,0,2.0038,101.5549,5.0076,1]},
{"frame":183,"values":[0.9985,-0.0367,-0.0399,0,0.0394,0.9968,0.0693,0,-0.0372,0.0708,-0.9968,0,1.9946,101.5336,5.0285,1]},
{"frame":184,"values":[0.9985,-0.0365,-0.0401,0,0.0393,0.9968,0.0691,0,-0.0375,0.0705,-0.9968,0,1.9861,101.5237,5.0524,1]},
{"frame":185,"values":[0.9985,-0.0365,-0.0404,0,0.0393,0.9969,0.0689,0,-0.0377,0.0704,-0.9968,0,1.9809,101.5252,5.0789,1]},
{"frame":186,"values":[0.9985,-0.0367,-0.0405,0,0.0395,0.9969,0.0687,0,-0.0378,0.0702,-0.9968,0,1.9816,101.5315,5.1068,1]},
{"frame":201,"values":[0.7293,-0.0004,-0.6842,0,0.0533,0.997,0.0562,0,-0.6821,0.0775,-0.7272,0,-0.9498,96.9357,-0.953,1]},
{"frame":202,"values":[0.7293,-0.0004,-0.6842,0,0.0533,0.997,0.0562,0,-0.6821,0.0775,-0.7272,0,-0.9508,96.9378,-0.9541,1]},
{"frame":203,"values":[0.7328,-0.0042,-0.6804,0,0.054,0.9972,0.052,0,-0.6783,0.0748,-0.731,0,-0.8953,96.8523,-0.9412,1]},
{"frame":204,"values":[0.7359,-0.0104,-0.677,0,0.055,0.9975,0.0445,0,-0.6749,0.07,-0.7346,0,-0.7525,96.6903,-0.9916,1]},
{"frame":205,"values":[0.739,-0.0178,-0.6735,0,0.0559,0.9978,0.0349,0,-0.6714,0.0634,-0.7384,0,-0.4978,96.4709,-1.1825,1]},
{"frame":206,"values":[0.7428,-0.0257,-0.669,0,0.0554,0.9982,0.0231,0,-0.6672,0.0543,-0.7429,0,-0.1938,96.245,-1.596,1]},
{"frame":207,"values":[0.7464,-0.0328,-0.6646,0,0.0529,0.9985,0.0102,0,-0.6633,0.0427,-0.7471,0,0.1592,96.0608,-2.262,1]},
{"frame":208,"values":[0.7494,-0.039,-0.661,0,0.0485,0.9988,-0.0039,0,-0.6603,0.0292,-0.7504,0,0.6029,95.9201,-3.1787,1]},
{"frame":209,"values":[0.7509,-0.045,-0.6589,0,0.0431,0.9989,-0.019,0,-0.659,0.0141,-0.752,0,1.1692,95.7916,-4.3429,1]},
{"frame":210,"values":[0.747,-0.0532,-0.6627,0,0.0381,0.9986,-0.0373,0,-0.6637,-0.0026,-0.748,0,1.8555,95.7763,-5.739,1]},
{"frame":211,"values":[0.7396,-0.0616,-0.6703,0,0.0338,0.9979,-0.0544,0,-0.6722,-0.0175,-0.7401,0,2.6415,95.9702,-7.3986,1]},
{"frame":212,"values":[0.7278,-0.0734,-0.6819,0,0.0257,0.9965,-0.0798,0,-0.6853,-0.0406,-0.7271,0,3.4905,96.3731,-9.1708,1]},
{"frame":213,"values":[0.7114,-0.0883,-0.6972,0,0.0198,0.9942,-0.1056,0,-0.7025,-0.0614,-0.709,0,4.3577,96.9213,-10.9144,1]},
{"frame":214,"values":[0.6904,-0.1042,-0.7159,0,0.0181,0.9918,-0.1268,0,-0.7232,-0.0746,-0.6866,0,5.1448,97.5182,-12.5389,1]},
{"frame":215,"values":[0.6754,-0.1203,-0.7275,0,0.0192,0.9891,-0.1457,0,-0.7372,-0.0844,-0.6704,0,5.8055,98.0688,-13.9557,1]},
{"frame":216,"values":[0.661,-0.1355,-0.738,0,0.0213,0.9866,-0.1621,0,-0.7501,-0.0914,-0.655,0,6.3989,98.6083,-15.2637,1]},
{"frame":217,"values":[0.6468,-0.1486,-0.7481,0,0.0257,0.9845,-0.1734,0,-0.7623,-0.0929,-0.6406,0,6.7963,99.0311,-16.4493,1]},
{"frame":218,"values":[0.6346,-0.1617,-0.7558,0,0.0306,0.9824,-0.1845,0,-0.7723,-0.0939,-0.6283,0,6.9947,99.2792,-17.5012,1]},
{"frame":219,"values":[0.6229,-0.1714,-0.7633,0,0.0321,0.9805,-0.1939,0,-0.7816,-0.0963,-0.6163,0,7.0385,99.3162,-18.3288,1]},
{"frame":220,"values":[0.6115,-0.1779,-0.771,0,0.03,0.9789,-0.202,0,-0.7906,-0.1004,-0.604,0,7.0503,99.3174,-19.1096,1]},
{"frame":221,"values":[0.6029,-0.1819,-0.7768,0,0.0283,0.9779,-0.207,0,-0.7973,-0.1028,-0.5947,0,7.028,99.362,-19.9086,1]},
{"frame":222,"values":[0.5973,-0.1811,-0.7813,0,0.0256,0.978,-0.2072,0,-0.8016,-0.1038,-0.5888,0,6.9082,99.2002,-20.533,1]},
{"frame":223,"values":[0.5959,-0.1825,-0.782,0,0.0263,0.9777,-0.2082,0,-0.8026,-0.1036,-0.5875,0,6.6949,99.0247,-21.1335,1]},
{"frame":224,"values":[0.5935,-0.181,-0.7842,0,0.0253,0.9781,-0.2066,0,-0.8044,-0.1028,-0.5851,0,6.589,98.9016,-21.7435,1]},
{"frame":225,"values":[0.5823,-0.1835,-0.792,0,0.0251,0.9778,-0.208,0,-0.8126,-0.1012,-0.5739,0,6.5193,98.9498,-22.4789,1]},
{"frame":226,"values":[0.564,-0.188,-0.8041,0,0.0213,0.9767,-0.2134,0,-0.8255,-0.1032,-0.5549,0,6.6623,99.1594,-23.3607,1]},
{"frame":227,"values":[0.5366,-0.1943,-0.8212,0,0.0135,0.975,-0.2218,0,-0.8437,-0.108,-0.5258,0,7.0004,99.6085,-24.3142,1]},
{"frame":228,"values":[0.5026,-0.1987,-0.8414,0,0.0041,0.9738,-0.2275,0,-0.8645,-0.1109,-0.4902,0,7.4595,100.0725,-25.0162,1]},
{"frame":229,"values":[0.4826,-0.2013,-0.8524,0,-0.0005,0.9732,-0.2301,0,-0.8758,-0.1115,-0.4696,0,7.9055,100.5927,-25.4274,1]},
{"frame":230,"values":[0.4861,-0.2007,-0.8506,0,-0.003,0.9729,-0.2312,0,-0.8739,-0.1149,-0.4723,0,8.1304,100.8078,-25.552,1]},
{"frame":231,"values":[0.4943,-0.1956,-0.847,0,-0.0051,0.9737,-0.2278,0,-0.8693,-0.1169,-0.4803,0,8.1799,100.5943,-25.4761,1]},
{"frame":232,"values":[0.498,-0.1911,-0.8459,0,-0.0057,0.9747,-0.2235,0,-0.8672,-0.1162,-0.4843,0,8.1042,100.25,-25.4531,1]},
{"frame":233,"values":[0.495,-0.192,-0.8474,0,-0.0039,0.9748,-0.2231,0,-0.8689,-0.1137,-0.4818,0,8.0714,100.2982,-25.6719,1]},
{"frame":234,"values":[0.4855,-0.1916,-0.853,0,-0.0073,0.9748,-0.2231,0,-0.8742,-0.1146,-0.4718,0,8.1403,100.36,-25.8101,1]},
{"frame":235,"values":[0.4726,-0.1948,-0.8595,0,-0.011,0.9739,-0.2267,0,-0.8812,-0.1166,-0.4581,0,8.2134,100.6172,-25.8032,1]},
{"frame":236,"values":[0.4681,-0.1991,-0.861,0,-0.0109,0.9729,-0.231,0,-0.8836,-0.1175,-0.4532,0,8.2067,100.948,-25.5929,1]},
{"frame":237,"values":[0.468,-0.2,-0.8608,0,-0.0135,0.9723,-0.2333,0,-0.8836,-0.1208,-0.4524,0,8.1557,101.1569,-25.1784,1]},
{"frame":238,"values":[0.4681,-0.1993,-0.8609,0,-0.0171,0.972,-0.2343,0,-0.8835,-0.1244,-0.4516,0,8.0794,101.3234,-24.6244,1]},
{"frame":239,"values":[0.4692,-0.196,-0.8611,0,-0.022,0.9722,-0.2332,0,-0.8828,-0.1284,-0.4518,0,7.9705,101.4309,-23.9151,1]},
{"frame":240,"values":[0.4711,-0.1918,-0.861,0,-0.0262,0.9726,-0.231,0,-0.8817,-0.1314,-0.4532,0,7.7738,101.438,-23.1183,1]},
{"frame":241,"values":[0.4738,-0.1857,-0.8608,0,-0.0309,0.9734,-0.2271,0,-0.8801,-0.1342,-0.4554,0,7.4939,101.369,-22.2619,1]},
{"frame":242,"values":[0.4774,-0.1776,-0.8605,0,-0.0363,0.9745,-0.2213,0,-0.8779,-0.1369,-0.4588,0,7.1047,101.3138,-21.2776,1]},
{"frame":243,"values":[0.4854,-0.1698,-0.8576,0,-0.0423,0.9753,-0.217,0,-0.8733,-0.1416,-0.4662,0,6.6573,101.2896,-20.1807,1]},
{"frame":244,"values":[0.4967,-0.1624,-0.8526,0,-0.0473,0.9758,-0.2134,0,-0.8667,-0.1463,-0.477,0,6.1943,101.22,-18.9842,1]},
{"frame":245,"values":[0.5089,-0.154,-0.847,0,-0.0517,0.9766,-0.2086,0,-0.8593,-0.1499,-0.489,0,5.6802,101.056,-17.6638,1]},
{"frame":246,"values":[0.5215,-0.1411,-0.8415,0,-0.0583,0.978,-0.2001,0,-0.8512,-0.1534,-0.5018,0,5.0973,100.78,-16.1809,1]},
{"frame":247,"values":[0.5375,-0.1243,-0.8341,0,-0.0645,0.9801,-0.1876,0,-0.8408,-0.1546,-0.5188,0,4.3791,100.4083,-14.4881,1]},
{"frame":248,"values":[0.5571,-0.1045,-0.8239,0,-0.0681,0.983,-0.1707,0,-0.8277,-0.1512,-0.5405,0,3.5052,99.8765,-12.5612,1]},
{"frame":249,"values":[0.5838,-0.0825,-0.8077,0,-0.0678,0.9864,-0.1497,0,-0.8091,-0.1421,-0.5703,0,2.4907,99.2701,-10.5446,1]},
{"frame":250,"values":[0.6134,-0.0643,-0.7872,0,-0.0643,0.9893,-0.1309,0,-0.7872,-0.1309,-0.6027,0,1.3847,98.781,-8.6124,1]},
{"frame":251,"values":[0.6328,-0.0483,-0.7728,0,-0.0644,0.9913,-0.1147,0,-0.7716,-0.1223,-0.6242,0,0.3998,98.4192,-6.8229,1]},
{"frame":252,"values":[0.6412,-0.032,-0.7667,0,-0.0653,0.9932,-0.0962,0,-0.7646,-0.1118,-0.6348,0,-0.4819,98.3081,-5.2708,1]},
{"frame":253,"values":[0.6436,-0.0172,-0.7651,0,-0.066,0.9948,-0.0778,0,-0.7625,-0.1006,-0.6391,0,-1.2434,98.4438,-3.9872,1]},
{"frame":254,"values":[0.6462,-0.0006,-0.7632,0,-0.0657,0.9962,-0.0564,0,-0.7604,-0.0866,-0.6437,0,-1.9501,98.7634,-3.0241,1]},
{"frame":255,"values":[0.6491,0.0143,-0.7605,0,-0.0669,0.997,-0.0383,0,-0.7577,-0.0758,-0.6482,0,-2.5696,99.0513,-2.2729,1]},
{"frame":256,"values":[0.6549,0.0284,-0.7552,0,-0.0654,0.9977,-0.0192,0,-0.7529,-0.062,-0.6552,0,-3.0915,99.2622,-1.7674,1]},
{"frame":257,"values":[0.66,0.0397,-0.7502,0,-0.0651,0.9979,-0.0044,0,-0.7485,-0.0517,-0.6612,0,-3.4785,99.387,-1.4793,1]},
{"frame":258,"values":[0.6671,0.0469,-0.7435,0,-0.0622,0.998,0.0072,0,-0.7423,-0.0414,-0.6687,0,-3.7943,99.4089,-1.33,1]},
{"frame":259,"values":[0.6729,0.0514,-0.738,0,-0.0583,0.9982,0.0163,0,-0.7375,-0.0321,-0.6746,0,-3.9887,99.3454,-1.3015,1]},
{"frame":260,"values":[0.6766,0.0521,-0.7345,0,-0.0538,0.9983,0.0213,0,-0.7344,-0.0251,-0.6782,0,-4.0416,99.2031,-1.3716,1]},
{"frame":261,"values":[0.6803,0.0518,-0.7311,0,-0.0485,0.9985,0.0257,0,-0.7313,-0.018,-0.6818,0,-4.0832,98.9433,-1.5093,1]},
{"frame":262,"values":[0.6841,0.0505,-0.7276,0,-0.0425,0.9987,0.0295,0,-0.7281,-0.0107,-0.6854,0,-4.1481,98.4598,-1.6816,1]},
{"frame":263,"values":[0.6881,0.0478,-0.724,0,-0.0354,0.9988,0.0323,0,-0.7248,-0.0034,-0.689,0,-4.1695,97.7271,-1.9177,1]},
{"frame":264,"values":[0.6921,0.0438,-0.7205,0,-0.0274,0.999,0.0344,0,-0.7213,0.004,-0.6926,0,-4.0576,96.9326,-2.1647,1]},
{"frame":265,"values":[0.696,0.0398,-0.7169,0,-0.0195,0.9991,0.0365,0,-0.7177,0.0114,-0.6962,0,-3.864,96.3508,-2.3926,1]},
{"frame":266,"values":[0.6999,0.0361,-0.7134,0,-0.0117,0.9992,0.0391,0,-0.7142,0.0191,-0.6997,0,-3.6432,95.9085,-2.4963,1]},
{"frame":267,"values":[0.7037,0.0319,-0.7098,0,-0.0038,0.9991,0.0411,0,-0.7105,0.0263,-0.7032,0,-3.3603,95.8958,-2.6356,1]},
{"frame":268,"values":[0.7074,0.0281,-0.7062,0,0.0036,0.9991,0.0434,0,-0.7068,0.0332,-0.7066,0,-3.1018,96.297,-2.6259,1]},
{"frame":269,"values":[0.711,0.0245,-0.7028,0,0.0107,0.9989,0.0456,0,-0.7032,0.0399,-0.7099,0,-2.6981,96.8775,-2.6033,1]},
{"frame":270,"values":[0.7142,0.0208,-0.6996,0,0.0176,0.9987,0.0476,0,-0.6997,0.0463,-0.7129,0,-2.3631,97.1943,-2.4949,1]},
{"frame":271,"values":[0.7172,0.0169,-0.6967,0,0.0243,0.9985,0.0492,0,-0.6964,0.0522,-0.7157,0,-2.1317,97.296,-2.4796,1]},
{"frame":272,"values":[0.7199,0.0134,-0.694,0,0.0304,0.9982,0.0508,0,-0.6934,0.0577,-0.7182,0,-1.8954,97.3234,-2.3792,1]},
{"frame":273,"values":[0.7223,0.01,-0.6915,0,0.0361,0.998,0.0521,0,-0.6906,0.0626,-0.7205,0,-1.7134,97.3286,-2.1873,1]},
{"frame":274,"values":[0.7244,0.007,-0.6894,0,0.041,0.9977,0.0533,0,-0.6882,0.0669,-0.7225,0,-1.4995,97.3061,-1.9615,1]},
{"frame":275,"values":[0.7261,0.0047,-0.6876,0,0.0451,0.9975,0.0544,0,-0.6861,0.0706,-0.7241,0,-1.2899,97.2548,-1.6464,1]},
{"frame":276,"values":[0.7275,0.0029,-0.6861,0,0.0484,0.9973,0.0554,0,-0.6844,0.0735,-0.7254,0,-1.1513,97.183,-1.3946,1]},
{"frame":277,"values":[0.7285,0.0013,-0.6851,0,0.0509,0.9971,0.056,0,-0.6832,0.0757,-0.7263,0,-1.0674,97.103,-1.197,1]},
{"frame":278,"values":[0.7291,0.0001,-0.6844,0,0.0527,0.997,0.0562,0,-0.6824,0.077,-0.7269,0,-1.0029,97.0214,-1.0701,1]},
{"frame":279,"values":[0.7293,-0.0004,-0.6842,0,0.0533,0.997,0.0562,0,-0.6821,0.0775,-0.7272,0,-0.9498,96.9357,-0.9532,1]},
{"frame":291,"values":[0.9937,-0.0594,-0.0949,0,0.0652,0.9961,0.0594,0,-0.091,0.0652,-0.9937,0,0.1425,103.3938,-1.4222,1]},
{"frame":292,"values":[0.9943,-0.0604,-0.0883,0,0.0664,0.9955,0.0676,0,-0.0838,0.0731,-0.9938,0,0.4358,103.3223,-1.5031,1]},
{"frame":293,"values":[0.9939,-0.0564,-0.0944,0,0.0638,0.995,0.0775,0,-0.0896,0.083,-0.9925,0,0.7133,103.3311,-1.5974,1]},
{"frame":294,"values":[0.9919,-0.0467,-0.1178,0,0.057,0.9947,0.0853,0,-0.1132,0.0913,-0.9894,0,0.9031,103.3895,-1.6514,1]},
{"frame":295,"values":[0.9863,-0.0368,-0.1605,0,0.0512,0.9949,0.0869,0,-0.1565,0.0939,-0.9832,0,1.0269,103.4821,-1.5938,1]},
{"frame":296,"values":[0.9743,-0.0345,-0.2225,0,0.0531,0.9955,0.0783,0,-0.2188,0.0881,-0.9718,0,1.233,103.4099,-1.3605,1]},
{"frame":297,"values":[0.9532,-0.0373,-0.3,0,0.0574,0.9966,0.0586,0,-0.2968,0.0731,-0.9521,0,1.6199,103.1675,-0.8574,1]},
{"frame":298,"values":[0.9217,-0.0497,-0.3847,0,0.0658,0.9974,0.0288,0,-0.3823,0.0518,-0.9226,0,2.2659,102.8829,-0.1998,1]},
{"frame":299,"values":[0.8842,-0.0722,-0.4616,0,0.0795,0.9968,-0.0036,0,-0.4604,0.0335,-0.8871,0,3.0721,102.3808,0.3196,1]},
{"frame":300,"values":[0.8527,-0.089,-0.5148,0,0.0913,0.9956,-0.0209,0,-0.5144,0.0292,-0.8571,0,3.7822,101.6218,0.5269,1]},
{"frame":301,"values":[0.8363,-0.0928,-0.5403,0,0.1012,0.9948,-0.0141,0,-0.5388,0.0429,-0.8413,0,4.2814,100.8347,0.4747,1]},
{"frame":302,"values":[0.8314,-0.0907,-0.5483,0,0.1132,0.9935,0.0074,0,-0.5441,0.0682,-0.8363,0,4.5438,99.9332,0.2738,1]},
{"frame":303,"values":[0.8285,-0.0926,-0.5523,0,0.1291,0.9913,0.0274,0,-0.5449,0.094,-0.8332,0,4.625,99.1303,0.0538,1]},
{"frame":304,"values":[0.8233,-0.098,-0.5591,0,0.1441,0.9888,0.0388,0,-0.549,0.1125,-0.8282,0,4.5572,98.3922,-0.0318,1]},
{"frame":305,"values":[0.8154,-0.1019,-0.5699,0,0.1535,0.9872,0.0431,0,-0.5582,0.1227,-0.8206,0,4.3636,97.4511,0.2509,1]},
{"frame":306,"values":[0.8041,-0.1007,-0.586,0,0.1552,0.9869,0.0433,0,-0.5739,0.1258,-0.8092,0,4.1638,96.4673,0.9999,1]},
{"frame":307,"values":[0.789,-0.0941,-0.6071,0,0.1485,0.9881,0.0398,0,-0.5961,0.1216,-0.7936,0,4.0312,95.4282,2.2525,1]},
{"frame":308,"values":[0.7716,-0.0829,-0.6307,0,0.1332,0.9905,0.0327,0,-0.622,0.1093,-0.7753,0,4.0285,94.3044,3.942,1]},
{"frame":309,"values":[0.7527,-0.0686,-0.6548,0,0.1112,0.9935,0.0237,0,-0.6489,0.0907,-0.7554,0,4.2005,93.1014,5.8885,1]},
{"frame":310,"values":[0.7339,-0.0524,-0.6773,0,0.0867,0.9961,0.017,0,-0.6737,0.0712,-0.7355,0,4.506,91.8871,7.8708,1]},
{"frame":311,"values":[0.7178,-0.0371,-0.6953,0,0.0655,0.9977,0.0145,0,-0.6932,0.0559,-0.7186,0,4.7562,90.6446,9.7445,1]},
{"frame":312,"values":[0.7074,-0.0241,-0.7064,0,0.0499,0.9986,0.0159,0,-0.7051,0.0465,-0.7076,0,4.8836,89.7143,11.3434,1]},
{"frame":313,"values":[0.703,-0.0142,-0.7111,0,0.0402,0.999,0.0199,0,-0.7101,0.0425,-0.7028,0,4.8792,89.2743,12.6086,1]},
{"frame":314,"values":[0.7023,-0.0056,-0.7119,0,0.0346,0.9991,0.0263,0,-0.7111,0.043,-0.7018,0,4.7692,89.2591,13.5653,1]},
{"frame":315,"values":[0.7028,0.0008,-0.7114,0,0.0324,0.9989,0.0331,0,-0.7106,0.0463,-0.7021,0,4.5891,89.5757,14.2306,1]},
{"frame":316,"values":[0.7039,0.0047,-0.7103,0,0.0331,0.9987,0.0395,0,-0.7095,0.0513,-0.7028,0,4.3736,90.0775,14.6672,1]},
{"frame":317,"values":[0.7058,0.0068,-0.7083,0,0.0359,0.9983,0.0454,0,-0.7075,0.0575,-0.7044,0,4.1577,90.6244,14.9463,1]},
{"frame":318,"values":[0.7092,0.0077,-0.705,0,0.0397,0.9979,0.0508,0,-0.7039,0.064,-0.7074,0,3.9746,91.0805,15.1221,1]},
{"frame":319,"values":[0.7141,0.0067,-0.7,0,0.044,0.9975,0.0544,0,-0.6987,0.0697,-0.712,0,3.8416,91.3712,15.2261,1]},
{"frame":320,"values":[0.7203,0.0039,-0.6936,0,0.0488,0.9972,0.0562,0,-0.6919,0.0743,-0.7181,0,3.7507,91.5056,15.2838,1]},
{"frame":321,"values":[0.7277,0.0008,-0.6859,0,0.0526,0.997,0.0569,0,-0.6839,0.0775,-0.7255,0,3.6846,91.5328,15.3222,1]},
{"frame":331,"values":[0.5827,-0.018,-0.8125,0,-0.1191,0.9871,-0.1072,0,-0.8039,-0.1593,-0.573,0,-0.8451,88.1498,-0.7028,1]},
{"frame":332,"values":[0.5511,-0.0149,-0.8343,0,-0.0784,0.9945,-0.0695,0,-0.8308,-0.1037,-0.5469,0,-0.9283,88.1458,-0.4453,1]},
{"frame":333,"values":[0.5562,-0.0029,-0.831,0,-0.0549,0.9977,-0.0402,0,-0.8292,-0.0679,-0.5548,0,-1.3033,88.0991,-0.428,1]},
{"frame":334,"values":[0.5651,0.01,-0.8249,0,-0.0308,0.9995,-0.009,0,-0.8244,-0.0305,-0.5652,0,-2.0622,88.1782,-0.5028,1]},
{"frame":335,"values":[0.576,0.0213,-0.8172,0,-0.0099,0.9998,0.0191,0,-0.8174,0.0029,-0.576,0,-3.1531,88.3867,-0.4643,1]},
{"frame":336,"values":[0.5842,0.0298,-0.811,0,0.0006,0.9993,0.0372,0,-0.8116,0.0222,-0.5838,0,-4.2917,88.6994,-0.2064,1]},
{"frame":337,"values":[0.588,0.0346,-0.8081,0,-0.0012,0.9991,0.0419,0,-0.8088,0.0237,-0.5876,0,-5.2696,88.886,0.0696,1]},
{"frame":338,"values":[0.5721,0.0283,-0.8197,0,-0.0242,0.9996,0.0176,0,-0.8198,-0.0097,-0.5726,0,-6.0195,88.796,0.0519,1]},
{"frame":339,"values":[0.5092,0.0121,-0.8606,0,-0.048,0.9987,-0.0144,0,-0.8593,-0.0486,-0.5091,0,-6.357,88.5257,-0.1752,1]},
{"frame":340,"values":[0.427,-0.0228,-0.904,0,-0.0662,0.9962,-0.0564,0,-0.9018,-0.0839,-0.4238,0,-6.4114,88.0962,-0.8925,1]},
{"frame":341,"values":[0.362,-0.0713,-0.9294,0,-0.074,0.9917,-0.1049,0,-0.9292,-0.1068,-0.3537,0,-6.3394,87.6186,-2.1364,1]},
{"frame":342,"values":[0.3247,-0.1319,-0.9366,0,-0.0607,0.9853,-0.1598,0,-0.9439,-0.1087,-0.3119,0,-6.1531,86.7412,-3.6332,1]},
{"frame":343,"values":[0.3044,-0.1898,-0.9335,0,-0.042,0.9763,-0.2123,0,-0.9516,-0.1038,-0.2892,0,-5.9325,85.5141,-5.2565,1]},
{"frame":344,"values":[0.2937,-0.2526,-0.9219,0,-0.0315,0.9614,-0.2735,0,-0.9554,-0.1093,-0.2744,0,-5.7565,84.0724,-7.1542,1]},
{"frame":345,"values":[0.2822,-0.3032,-0.9102,0,-0.03,0.9455,-0.3242,0,-0.9589,-0.1188,-0.2577,0,-5.6235,82.401,-9.4344,1]},
{"frame":346,"values":[0.2456,-0.3366,-0.909,0,-0.0433,0.933,-0.3572,0,-0.9684,-0.1271,-0.2146,0,-5.3667,80.1435,-11.8517,1]},
{"frame":347,"values":[0.1916,-0.3665,-0.9105,0,-0.0556,0.9221,-0.3828,0,-0.9799,-0.124,-0.1563,0,-5.0465,77.5172,-14.3244,1]},
{"frame":348,"values":[0.1277,-0.3902,-0.9118,0,-0.0677,0.9138,-0.4005,0,-0.9895,-0.1129,-0.0903,0,-4.6172,74.3521,-16.9692,1]},
{"frame":349,"values":[0.0548,-0.3968,-0.9163,0,-0.0908,0.9119,-0.4003,0,-0.9944,-0.1052,-0.0139,0,-4.0472,70.5784,-19.9415,1]},
